# current [A] 	 voltage [V] 	 power [W] 	 wavelenght:635.0 nm	 2017-01-09 16:01
1.567304130000e-04 1.684815650000e+00 1.873032750000e-08
7.562339310000e-05 1.766346450000e+00 2.160488500000e-08
2.378374340000e-04 1.792239430000e+00 4.858800650000e-08
3.189444540000e-04 1.808288810000e+00 8.085656590000e-08
2.378374340000e-04 1.808074950000e+00 8.030021090000e-08
3.189444540000e-04 1.819630380000e+00 1.171123150000e-07
4.000514750000e-04 1.828832150000e+00 1.554080030000e-07
4.000514750000e-04 1.828618050000e+00 1.555934690000e-07
5.622655150000e-04 1.836749790000e+00 1.997308630000e-07
5.622655150000e-04 1.836963650000e+00 2.000090830000e-07
5.622655150000e-04 1.843597410000e+00 2.463718830000e-07
6.433725360000e-04 1.848947290000e+00 2.953310340000e-07
6.433725360000e-04 1.849161150000e+00 2.956092540000e-07
7.244795560000e-04 1.853655100000e+00 3.407666040000e-07
7.244795560000e-04 1.853655100000e+00 3.394685000000e-07
8.866861460000e-04 1.858576770000e+00 3.961239090000e-07
8.866861460000e-04 1.863070730000e+00 4.532428480000e-07
8.866861460000e-04 1.862856630000e+00 4.537992600000e-07
9.677931670000e-04 1.866922620000e+00 5.129581950000e-07
1.048900190000e-03 1.870560410000e+00 5.690573060000e-07
1.048900190000e-03 1.870774510000e+00 5.691499610000e-07
1.211114230000e-03 1.874198200000e+00 6.319253320000e-07
1.130007210000e-03 1.873984340000e+00 6.317398520000e-07
1.211114230000e-03 1.877194170000e+00 6.921042650000e-07
1.373328270000e-03 1.880190130000e+00 7.570122310000e-07
1.292221250000e-03 1.879976030000e+00 7.577539800000e-07
1.373328270000e-03 1.882757900000e+00 8.179329710000e-07
1.454435290000e-03 1.885539770000e+00 8.866427380000e-07
1.535542310000e-03 1.885539770000e+00 8.869208730000e-07
1.535542310000e-03 1.888107780000e+00 9.542396810000e-07
1.616649330000e-03 1.888321640000e+00 9.544251040000e-07
1.616649330000e-03 1.890675540000e+00 1.021744080000e-06
1.778855920000e-03 1.892815590000e+00 1.087301140000e-06
1.778855920000e-03 1.893029450000e+00 1.087764760000e-06
1.859962940000e-03 1.895383360000e+00 1.159441580000e-06
1.778855920000e-03 1.895169500000e+00 1.161110730000e-06
1.859962940000e-03 1.897309300000e+00 1.228893100000e-06
1.941069960000e-03 1.899235250000e+00 1.300199070000e-06
2.022176980000e-03 1.899449350000e+00 1.301033760000e-06
2.022176980000e-03 1.901375290000e+00 1.367147090000e-06
2.184391020000e-03 1.903515100000e+00 1.444665830000e-06
2.103284000000e-03 1.903301240000e+00 1.445500290000e-06
2.184391020000e-03 1.905441050000e+00 1.519495410000e-06
2.184391020000e-03 1.905227180000e+00 1.520144450000e-06
2.346605060000e-03 1.907366990000e+00 1.595715960000e-06
2.346605060000e-03 1.908864970000e+00 1.668783850000e-06
2.346605060000e-03 1.909078840000e+00 1.670730850000e-06
2.427712080000e-03 1.911004780000e+00 1.747693320000e-06
2.427712080000e-03 1.910790920000e+00 1.748620550000e-06
2.508819100000e-03 1.912502770000e+00 1.824655780000e-06
2.671025690000e-03 1.914214610000e+00 1.903379830000e-06
2.589926120000e-03 1.914000750000e+00 1.903843330000e-06
2.671025690000e-03 1.915712590000e+00 1.976169410000e-06
2.752132710000e-03 1.917424680000e+00 2.059622370000e-06
2.752132710000e-03 1.917424680000e+00 2.060457060000e-06
2.833239730000e-03 1.919136520000e+00 2.138532180000e-06
2.914346750000e-03 1.918922420000e+00 2.140757490000e-06
2.914346750000e-03 1.920420410000e+00 2.220037910000e-06
2.995453770000e-03 1.921918390000e+00 2.296351340000e-06
3.076560800000e-03 1.921918390000e+00 2.297556650000e-06
3.076560800000e-03 1.923416380000e+00 2.379804300000e-06
3.157667820000e-03 1.924700260000e+00 2.460197490000e-06
3.157667820000e-03 1.924700260000e+00 2.460846640000e-06
3.238774840000e-03 1.926198240000e+00 2.543094300000e-06
3.238774840000e-03 1.926198240000e+00 2.543650450000e-06
3.319881860000e-03 1.927482130000e+00 2.622374720000e-06
3.400988880000e-03 1.928980110000e+00 2.710835130000e-06
3.400988880000e-03 1.928980110000e+00 2.711020440000e-06
3.482095900000e-03 1.930264000000e+00 2.794844480000e-06
3.482095900000e-03 1.930264000000e+00 2.796977010000e-06
3.563195470000e-03 1.931548120000e+00 2.884602960000e-06
3.644302490000e-03 1.932832000000e+00 2.966387000000e-06
3.644302490000e-03 1.932617900000e+00 2.967870390000e-06
3.725409510000e-03 1.934543850000e+00 3.055310800000e-06
3.806516530000e-03 1.935613870000e+00 3.142287370000e-06
3.806516530000e-03 1.935827970000e+00 3.142380140000e-06
3.887623550000e-03 1.936897750000e+00 3.230933090000e-06
3.887623550000e-03 1.936897750000e+00 3.231396930000e-06
3.887623550000e-03 1.937967780000e+00 3.313366510000e-06
4.049837590000e-03 1.939251660000e+00 3.404979450000e-06
4.130944610000e-03 1.939251660000e+00 3.407853910000e-06
4.212051630000e-03 1.940535780000e+00 3.495664940000e-06
4.130944610000e-03 1.940535780000e+00 3.495757710000e-06
4.293158650000e-03 1.941819670000e+00 3.585794500000e-06
4.293158650000e-03 1.942889690000e+00 3.671102150000e-06
4.293158650000e-03 1.942675590000e+00 3.671843840000e-06
4.455365240000e-03 1.943959470000e+00 3.763085940000e-06
4.536472260000e-03 1.945243600000e+00 3.850896970000e-06
4.455365240000e-03 1.945243600000e+00 3.852566350000e-06
4.536472260000e-03 1.946313380000e+00 3.942788680000e-06
4.455365240000e-03 1.946099520000e+00 3.943066530000e-06
4.617579280000e-03 1.947383400000e+00 4.026333950000e-06
4.698686300000e-03 1.948239330000e+00 4.123603500000e-06
4.698686300000e-03 1.948453430000e+00 4.123881810000e-06
4.779793320000e-03 1.949523450000e+00 4.123881810000e-06
4.860900340000e-03 1.950593230000e+00 4.346899910000e-06
4.942007360000e-03 1.951021190000e+00 4.330106090000e-06
4.942007360000e-03 1.951877360000e+00 4.414076560000e-06
5.023114380000e-03 1.951663260000e+00 4.410345350000e-06
5.023114380000e-03 1.952733280000e+00 4.502713180000e-06
5.023114380000e-03 1.954017160000e+00 4.592281580000e-06
5.104221400000e-03 1.953803060000e+00 4.595080550000e-06
5.185328420000e-03 1.954659220000e+00 4.687449290000e-06
5.185328420000e-03 1.954873090000e+00 4.687449290000e-06
5.347535010000e-03 1.955943110000e+00 4.777018150000e-06
5.347535010000e-03 1.956799030000e+00 4.874983920000e-06
5.266435440000e-03 1.956585170000e+00 4.874051680000e-06
5.428642030000e-03 1.958082910000e+00 4.966419510000e-06
5.509749050000e-03 1.958724980000e+00 5.064385280000e-06
5.509749050000e-03 1.958724980000e+00 5.064385280000e-06
5.671963100000e-03 1.959795000000e+00 5.155820420000e-06
5.671963100000e-03 1.959795000000e+00 5.154887280000e-06
5.671963100000e-03 1.960864780000e+00 5.252853950000e-06
5.753070120000e-03 1.961934800000e+00 5.350819720000e-06
5.753070120000e-03 1.961934800000e+00 5.348954350000e-06
5.834177140000e-03 1.962576870000e+00 5.444121140000e-06
5.834177140000e-03 1.962790730000e+00 5.446920110000e-06
5.915284160000e-03 1.963432790000e+00 5.529958340000e-06
5.996391180000e-03 1.964502810000e+00 5.632589820000e-06
5.996391180000e-03 1.964288710000e+00 5.634455650000e-06
6.077498200000e-03 1.965358730000e+00 5.732421410000e-06
6.239704790000e-03 1.966428760000e+00 5.835986030000e-06
6.158605220000e-03 1.966428760000e+00 5.834119290000e-06
6.320811810000e-03 1.967284680000e+00 5.928353860000e-06
6.239704790000e-03 1.967284680000e+00 5.928353860000e-06
6.320811810000e-03 1.968354700000e+00 6.030985330000e-06
6.401918830000e-03 1.969210620000e+00 6.129884700000e-06
6.401918830000e-03 1.969210620000e+00 6.130816930000e-06
6.564132870000e-03 1.970066550000e+00 6.229715840000e-06
6.564132870000e-03 1.970922470000e+00 6.324884000000e-06
6.564132870000e-03 1.970922470000e+00 6.325816230000e-06
6.645239890000e-03 1.971778390000e+00 6.430313080000e-06
6.645239890000e-03 1.971992490000e+00 6.430313080000e-06
6.726346910000e-03 1.972848420000e+00 6.532012320000e-06
6.807453930000e-03 1.973490480000e+00 6.630911680000e-06
6.807453930000e-03 1.973704340000e+00 6.631843920000e-06
6.888560950000e-03 1.974560260000e+00 6.727011620000e-06
6.888560950000e-03 1.974560260000e+00 6.725144890000e-06
7.050774990000e-03 1.975630280000e+00 6.828709960000e-06
7.050774990000e-03 1.976486210000e+00 6.929474690000e-06
7.050774990000e-03 1.976272340000e+00 6.934139490000e-06
7.131874560000e-03 1.976914170000e+00 7.033038400000e-06
7.212981580000e-03 1.977984190000e+00 7.127272970000e-06
7.212981580000e-03 1.978198290000e+00 7.127272970000e-06
7.294088600000e-03 1.978840110000e+00 7.236435070000e-06
7.294088600000e-03 1.978840110000e+00 7.238301810000e-06
7.375195620000e-03 1.979482170000e+00 7.339999680000e-06
7.456302640000e-03 1.980338100000e+00 7.442631160000e-06
7.456302640000e-03 1.980338100000e+00 7.445430130000e-06
7.618516680000e-03 1.981194020000e+00 7.543395900000e-06
7.618516680000e-03 1.981408120000e+00 7.540596930000e-06
7.618516680000e-03 1.982050180000e+00 7.649759030000e-06
7.699623700000e-03 1.983119960000e+00 7.756122610000e-06
7.699623700000e-03 1.983119960000e+00 7.757988900000e-06
7.699623700000e-03 1.983547930000e+00 7.858753630000e-06
7.861837740000e-03 1.984404090000e+00 7.962317800000e-06
7.861837740000e-03 1.984617950000e+00 7.958586140000e-06
7.942944770000e-03 1.985260010000e+00 8.066815100000e-06
7.942944770000e-03 1.985260010000e+00 8.069614520000e-06
8.024044330000e-03 1.986115930000e+00 8.175044970000e-06
8.024044330000e-03 1.986971860000e+00 8.278609130000e-06
8.105151360000e-03 1.986757990000e+00 8.283273020000e-06
8.186258380000e-03 1.987613920000e+00 8.382172380000e-06
8.186258380000e-03 1.988683700000e+00 8.491335390000e-06
8.186258380000e-03 1.988255740000e+00 8.488536880000e-06
8.348472420000e-03 1.989325760000e+00 8.593965500000e-06
8.348472420000e-03 1.989325760000e+00 8.594899550000e-06
8.429579440000e-03 1.989967820000e+00 8.702195370000e-06
8.591793480000e-03 1.990609650000e+00 8.801094740000e-06
8.510686460000e-03 1.990823750000e+00 8.802961020000e-06
8.591793480000e-03 1.991465810000e+00 8.915855690000e-06
8.591793480000e-03 1.991465810000e+00 8.913988490000e-06
8.672900500000e-03 1.992321730000e+00 9.025950020000e-06
8.754007520000e-03 1.993177650000e+00 9.136979320000e-06
8.754007520000e-03 1.993391510000e+00 9.138845600000e-06
8.835114540000e-03 1.993819710000e+00 9.244276040000e-06
8.916214110000e-03 1.994461540000e+00 9.361835510000e-06
8.916214110000e-03 1.994675640000e+00 9.357168890000e-06
8.916214110000e-03 1.995531560000e+00 9.469130420000e-06
8.997321130000e-03 1.995317460000e+00 9.470996700000e-06
9.078428150000e-03 1.996173620000e+00 9.582958230000e-06
9.159535170000e-03 1.997029540000e+00 9.686521480000e-06
9.159535170000e-03 1.997029540000e+00 9.683722960000e-06
9.240642190000e-03 1.997671370000e+00 9.803148710000e-06
9.159535170000e-03 1.997671370000e+00 9.804082770000e-06
9.321749210000e-03 1.998313430000e+00 9.917907850000e-06
9.402856230000e-03 1.999169350000e+00 1.002893710000e-05
9.402856230000e-03 1.999169350000e+00 1.002893710000e-05
9.483963250000e-03 2.000025270000e+00 1.013343540000e-05
9.565070270000e-03 2.000881430000e+00 1.024539600000e-05
9.565070270000e-03 2.000667330000e+00 1.025006170000e-05
9.646177290000e-03 2.001523260000e+00 1.036015600000e-05
9.646177290000e-03 2.001309390000e+00 1.036202230000e-05
9.727284310000e-03 2.001951220000e+00 1.047025220000e-05
9.889490900000e-03 2.002807140000e+00 1.057941430000e-05
9.808383880000e-03 2.002593280000e+00 1.057568260000e-05
9.889490900000e-03 2.003663300000e+00 1.069697280000e-05
9.889490900000e-03 2.003449200000e+00 1.069510840000e-05
9.970597920000e-03 2.004305120000e+00 1.081453410000e-05
1.005170490000e-02 2.004947190000e+00 1.093489210000e-05
1.005170490000e-02 2.004947190000e+00 1.093302490000e-05
1.005170490000e-02 2.005589250000e+00 1.103938760000e-05
1.021391900000e-02 2.006445170000e+00 1.116161270000e-05
1.021391900000e-02 2.006445170000e+00 1.115881330000e-05
1.029502600000e-02 2.007086990000e+00 1.127637460000e-05
1.029502600000e-02 2.007086990000e+00 1.127170890000e-05
1.037613300000e-02 2.007729050000e+00 1.139113460000e-05
1.045724000000e-02 2.008371110000e+00 1.150496250000e-05
1.053834710000e-02 2.008371110000e+00 1.150216300000e-05
1.053834710000e-02 2.009012940000e+00 1.162252100000e-05
1.061945410000e-02 2.010082960000e+00 1.174474620000e-05
1.061945410000e-02 2.009869100000e+00 1.174287900000e-05
1.070055370000e-02 2.010510920000e+00 1.185577460000e-05
1.070055370000e-02 2.010510920000e+00 1.185483960000e-05
1.078166070000e-02 2.011152980000e+00 1.196866740000e-05
1.086276770000e-02 2.011794810000e+00 1.209182480000e-05
1.086276770000e-02 2.011794810000e+00 1.209182480000e-05
1.094387470000e-02 2.012650970000e+00 1.220658670000e-05
1.094387470000e-02 2.012436870000e+00 1.220285320000e-05
1.102498170000e-02 2.013506890000e+00 1.232227900000e-05
1.110608880000e-02 2.013934850000e+00 1.242770940000e-05
1.110608880000e-02 2.013934850000e+00 1.242677720000e-05
1.118719580000e-02 2.014576910000e+00 1.255646480000e-05
1.126830280000e-02 2.015218730000e+00 1.267682270000e-05
1.126830280000e-02 2.015432830000e+00 1.267402330000e-05
1.134940980000e-02 2.015860800000e+00 1.280184640000e-05
1.134940980000e-02 2.015860800000e+00 1.279624760000e-05
1.143051680000e-02 2.016288760000e+00 1.291380890000e-05
1.151162390000e-02 2.017358780000e+00 1.303883070000e-05
1.151162390000e-02 2.017572640000e+00 1.304256420000e-05
1.159272340000e-02 2.017786740000e+00 1.316292220000e-05
1.159272340000e-02 2.018000600000e+00 1.316012280000e-05
1.167383040000e-02 2.018856530000e+00 1.328141570000e-05
1.175493750000e-02 2.019284730000e+00 1.339524080000e-05
1.175493750000e-02 2.019284730000e+00 1.340177370000e-05
1.183604450000e-02 2.019926550000e+00 1.352959590000e-05
1.191715150000e-02 2.020568610000e+00 1.365182110000e-05
1.191715150000e-02 2.020568610000e+00 1.364995390000e-05
1.191715150000e-02 2.021210430000e+00 1.377684200000e-05
1.199825850000e-02 2.021210430000e+00 1.377497760000e-05
1.207936560000e-02 2.021852490000e+00 1.388973760000e-05
1.216047260000e-02 2.022280450000e+00 1.402222640000e-05
1.216047260000e-02 2.022494550000e+00 1.402409090000e-05
1.224157960000e-02 2.023136380000e+00 1.414538290000e-05
1.232268660000e-02 2.023992540000e+00 1.426760810000e-05
1.232268660000e-02 2.023778440000e+00 1.426760810000e-05
1.240379360000e-02 2.024420500000e+00 1.438703380000e-05
1.240379360000e-02 2.024420500000e+00 1.438516670000e-05
1.248489320000e-02 2.025062320000e+00 1.451765270000e-05
1.256600020000e-02 2.025490280000e+00 1.464640990000e-05
1.256600020000e-02 2.025918250000e+00 1.464174420000e-05
1.264710720000e-02 2.026560310000e+00 1.477236580000e-05
1.256600020000e-02 2.026346450000e+00 1.477236580000e-05
1.272821430000e-02 2.026988270000e+00 1.489552320000e-05
1.280932130000e-02 2.027416230000e+00 1.502427860000e-05
1.280932130000e-02 2.027630330000e+00 1.502334540000e-05
1.289042830000e-02 2.028058290000e+00 1.515769870000e-05
1.297153530000e-02 2.028914210000e+00 1.528552090000e-05
1.297153530000e-02 2.028700350000e+00 1.527992390000e-05
1.305264230000e-02 2.029342170000e+00 1.540214910000e-05
1.305264230000e-02 2.029556270000e+00 1.540028100000e-05
1.313374940000e-02 2.029984240000e+00 1.553836770000e-05
1.321485640000e-02 2.030840160000e+00 1.566992250000e-05
1.321485640000e-02 2.030840160000e+00 1.567178880000e-05
1.329596340000e-02 2.031268120000e+00 1.579774470000e-05
1.329596340000e-02 2.031268120000e+00 1.580054410000e-05
1.337706300000e-02 2.031696080000e+00 1.592370060000e-05
1.345817000000e-02 2.032552000000e+00 1.606085430000e-05
1.345817000000e-02 2.032766100000e+00 1.605432230000e-05
1.353927700000e-02 2.033194070000e+00 1.618587880000e-05
1.362038400000e-02 2.033836130000e+00 1.632023120000e-05
1.362038400000e-02 2.033836130000e+00 1.631929810000e-05
1.370149110000e-02 2.034477950000e+00 1.644432090000e-05
1.370149110000e-02 2.034264090000e+00 1.644152140000e-05
1.370149110000e-02 2.034905910000e+00 1.658240760000e-05
1.386370510000e-02 2.035547970000e+00 1.672142570000e-05
1.378259810000e-02 2.035762070000e+00 1.671769500000e-05
1.394481210000e-02 2.036190030000e+00 1.686044560000e-05
1.402591910000e-02 2.036617990000e+00 1.698826780000e-05
1.402591910000e-02 2.036831860000e+00 1.698826780000e-05
1.410702620000e-02 2.037473920000e+00 1.713008530000e-05
1.410702620000e-02 2.037473920000e+00 1.713381790000e-05
1.418813320000e-02 2.038115980000e+00 1.726257140000e-05
1.426923270000e-02 2.038757800000e+00 1.740252260000e-05
1.426923270000e-02 2.038543940000e+00 1.740439070000e-05
1.435033980000e-02 2.039399860000e+00 1.753594370000e-05
1.435033980000e-02 2.039185760000e+00 1.752941350000e-05
1.443144680000e-02 2.040041920000e+00 1.767869620000e-05
1.443144680000e-02 2.040469880000e+00 1.781491660000e-05
1.451255380000e-02 2.040255780000e+00 1.781304850000e-05
1.459366080000e-02 2.041111710000e+00 1.795673230000e-05
1.467476790000e-02 2.041753770000e+00 1.808828710000e-05
1.467476790000e-02 2.041539670000e+00 1.808735400000e-05
1.475587490000e-02 2.042181730000e+00 1.823476850000e-05
1.475587490000e-02 2.041967630000e+00 1.823197090000e-05
1.483698190000e-02 2.042823790000e+00 1.836632510000e-05
1.491808890000e-02 2.043251750000e+00 1.850814080000e-05
1.491808890000e-02 2.043465610000e+00 1.851000710000e-05
1.491808890000e-02 2.043893580000e+00 1.863969740000e-05
1.499919590000e-02 2.043893580000e+00 1.863130090000e-05
1.508030300000e-02 2.044321540000e+00 1.878991320000e-05
1.508030300000e-02 2.044963600000e+00 1.893826080000e-05
1.516140250000e-02 2.045177700000e+00 1.892986260000e-05
1.524250950000e-02 2.045819520000e+00 1.908100970000e-05
1.532361660000e-02 2.046247480000e+00 1.922189590000e-05
1.532361660000e-02 2.046461580000e+00 1.921909640000e-05
1.540472360000e-02 2.046889540000e+00 1.937584240000e-05
1.540472360000e-02 2.047103640000e+00 1.937211160000e-05
1.548583060000e-02 2.047531600000e+00 1.951859300000e-05
1.556693760000e-02 2.048173430000e+00 1.966041050000e-05
1.548583060000e-02 2.047959570000e+00 1.966041050000e-05
1.564804460000e-02 2.048601390000e+00 1.980596240000e-05
1.572915170000e-02 2.049029350000e+00 1.995710950000e-05
1.564804460000e-02 2.049243450000e+00 1.995897580000e-05
1.581025870000e-02 2.049885510000e+00 2.010732350000e-05
1.581025870000e-02 2.049671410000e+00 2.009985840000e-05
1.589136570000e-02 2.050313470000e+00 2.025473990000e-05
1.597247270000e-02 2.050955300000e+00 2.040308750000e-05
1.597247270000e-02 2.051169400000e+00 2.039749050000e-05
1.605357230000e-02 2.051383260000e+00 2.055423470000e-05
1.605357230000e-02 2.051383260000e+00 2.054677320000e-05
1.613467930000e-02 2.052025320000e+00 2.069885160000e-05
1.621578630000e-02 2.052239420000e+00 2.085653070000e-05
1.621578630000e-02 2.052667380000e+00 2.084999870000e-05
1.629689340000e-02 2.053095340000e+00 2.098621920000e-05
1.629689340000e-02 2.053737160000e+00 2.115042840000e-05
1.637800040000e-02 2.053737160000e+00 2.114949710000e-05
1.637800040000e-02 2.054165360000e+00 2.130810750000e-05
1.645910740000e-02 2.054379220000e+00 2.130530990000e-05
1.654021440000e-02 2.054807190000e+00 2.146951920000e-05
1.654021440000e-02 2.055449250000e+00 2.161600240000e-05
1.662132140000e-02 2.055449250000e+00 2.161786690000e-05
1.670242850000e-02 2.055877210000e+00 2.178021350000e-05
1.670242850000e-02 2.055877210000e+00 2.177367970000e-05
1.678353550000e-02 2.056519270000e+00 2.192576180000e-05
1.686464250000e-02 2.056947230000e+00 2.209556990000e-05
1.678353550000e-02 2.057161090000e+00 2.209463490000e-05
1.694574210000e-02 2.057589050000e+00 2.224391760000e-05
1.702684910000e-02 2.058231120000e+00 2.241559380000e-05
1.702684910000e-02 2.058017020000e+00 2.240719550000e-05
1.710795610000e-02 2.058659080000e+00 2.257047160000e-05
1.710795610000e-02 2.058659080000e+00 2.257140660000e-05
1.718906310000e-02 2.059087040000e+00 2.273841530000e-05
1.718906310000e-02 2.059729100000e+00 2.290262460000e-05
1.727017020000e-02 2.059729100000e+00 2.289236180000e-05
1.727017020000e-02 2.060157060000e+00 2.306310130000e-05
1.743238420000e-02 2.060798880000e+00 2.322824550000e-05
1.743238420000e-02 2.061012980000e+00 2.322357980000e-05
1.751349120000e-02 2.061440940000e+00 2.340085300000e-05
1.751349120000e-02 2.061440940000e+00 2.339152160000e-05
1.759459820000e-02 2.061868910000e+00 2.354546810000e-05
1.767570530000e-02 2.062510970000e+00 2.372927160000e-05
1.767570530000e-02 2.062510970000e+00 2.372274140000e-05
1.767570530000e-02 2.062938930000e+00 2.389721520000e-05
1.767570530000e-02 2.063152790000e+00 2.389814650000e-05
1.783791180000e-02 2.063366890000e+00 2.407075410000e-05
1.783791180000e-02 2.064222810000e+00 2.423589650000e-05
1.783791180000e-02 2.064222810000e+00 2.422936630000e-05
1.800012590000e-02 2.064864870000e+00 2.441503600000e-05
1.808123290000e-02 2.065292840000e+00 2.458297790000e-05
1.808123290000e-02 2.065292840000e+00 2.458670860000e-05
1.816233990000e-02 2.065934900000e+00 2.475838300000e-05
1.808123290000e-02 2.065720800000e+00 2.476024930000e-05
1.824344690000e-02 2.066362860000e+00 2.492725980000e-05
1.824344690000e-02 2.066790820000e+00 2.511572530000e-05
1.824344690000e-02 2.067004680000e+00 2.511386080000e-05
1.840566100000e-02 2.067646740000e+00 2.528833280000e-05
1.832455400000e-02 2.067432640000e+00 2.528646840000e-05
1.848676800000e-02 2.067860600000e+00 2.546747240000e-05
1.856787500000e-02 2.068502660000e+00 2.564194440000e-05
1.856787500000e-02 2.068288800000e+00 2.563914500000e-05
1.864898200000e-02 2.068716760000e+00 2.582854540000e-05
1.873008160000e-02 2.069358590000e+00 2.601141750000e-05
1.873008160000e-02 2.069572690000e+00 2.600861810000e-05
1.881118860000e-02 2.070000650000e+00 2.619708720000e-05
1.873008160000e-02 2.070000650000e+00 2.618775580000e-05
1.881118860000e-02 2.070428610000e+00 2.637342550000e-05
1.889229570000e-02 2.071070670000e+00 2.657962070000e-05
1.897340270000e-02 2.070856570000e+00 2.657402180000e-05
1.897340270000e-02 2.071712490000e+00 2.676715480000e-05
1.913561670000e-02 2.072140460000e+00 2.697521810000e-05
1.913561670000e-02 2.072140460000e+00 2.697148560000e-05
1.921672370000e-02 2.072782520000e+00 2.716088780000e-05
1.913561670000e-02 2.072782520000e+00 2.715342270000e-05
1.929783080000e-02 2.073210480000e+00 2.736334860000e-05
1.929783080000e-02 2.073852540000e+00 2.756581310000e-05
1.937893780000e-02 2.073638440000e+00 2.755834980000e-05
1.946004480000e-02 2.074280500000e+00 2.776174730000e-05
1.946004480000e-02 2.074280500000e+00 2.774775200000e-05
1.954115180000e-02 2.074708460000e+00 2.794181640000e-05
1.962225880000e-02 2.075136420000e+00 2.815734300000e-05
1.962225880000e-02 2.075350520000e+00 2.814987780000e-05
1.978447290000e-02 2.075778480000e+00 2.836073870000e-05
1.978447290000e-02 2.076420310000e+00 2.857813160000e-05
1.970336590000e-02 2.076420310000e+00 2.856786700000e-05
1.986557990000e-02 2.076634410000e+00 2.876939830000e-05
1.986557990000e-02 2.076848270000e+00 2.876753020000e-05
1.994668690000e-02 2.077490330000e+00 2.898119060000e-05
2.002779390000e-02 2.077918290000e+00 2.919298640000e-05
2.002779390000e-02 2.077918290000e+00 2.919018700000e-05
2.002779390000e-02 2.078346250000e+00 2.940104790000e-05
2.010888610000e-02 2.078132390000e+00 2.940477680000e-05
2.010888610000e-02 2.078988310000e+00 2.959977790000e-05
2.027110010000e-02 2.079202180000e+00 2.983396190000e-05
2.027110010000e-02 2.079416280000e+00 2.982649860000e-05
2.027110010000e-02 2.080058340000e+00 3.005415420000e-05
2.043331410000e-02 2.080486300000e+00 3.028833820000e-05
2.043331410000e-02 2.080486300000e+00 3.028367430000e-05
2.051442120000e-02 2.080914260000e+00 3.050293160000e-05
2.051442120000e-02 2.080914260000e+00 3.049826960000e-05
2.059552820000e-02 2.081556080000e+00 3.073432160000e-05
2.067663520000e-02 2.082198140000e+00 3.097316950000e-05
2.059552820000e-02 2.081984280000e+00 3.096104050000e-05
2.075774220000e-02 2.082412240000e+00 3.119895700000e-05
2.083884920000e-02 2.082840200000e+00 3.142941200000e-05
2.083884920000e-02 2.083054070000e+00 3.141914570000e-05
2.091995630000e-02 2.083482030000e+00 3.166266470000e-05
2.083884920000e-02 2.083482030000e+00 3.165053570000e-05
2.100106330000e-02 2.083909990000e+00 3.190431740000e-05
2.108217030000e-02 2.084338190000e+00 3.215156180000e-05
2.100106330000e-02 2.084552050000e+00 3.214409660000e-05
2.116327730000e-02 2.084980010000e+00 3.238388310000e-05
2.116327730000e-02 2.084766150000e+00 3.237175410000e-05
2.124438430000e-02 2.085407970000e+00 3.262460090000e-05
2.124438430000e-02 2.086050030000e+00 3.288210790000e-05
2.124438430000e-02 2.086050030000e+00 3.286811630000e-05
2.140659840000e-02 2.086477990000e+00 3.312935950000e-05
2.148770540000e-02 2.086692090000e+00 3.336167720000e-05
2.148770540000e-02 2.086905960000e+00 3.334955180000e-05
2.156881240000e-02 2.087548020000e+00 3.362945430000e-05
2.156881240000e-02 2.087548020000e+00 3.361825660000e-05
2.164991950000e-02 2.087761880000e+00 3.388696130000e-05
2.164991950000e-02 2.088403940000e+00 3.417339760000e-05
2.173102650000e-02 2.088189840000e+00 3.416500110000e-05
2.181213350000e-02 2.089046000000e+00 3.442717930000e-05
2.173102650000e-02 2.089046000000e+00 3.442624440000e-05
2.181213350000e-02 2.089259860000e+00 3.470801680000e-05
2.189322560000e-02 2.089901920000e+00 3.500377720000e-05
2.197433260000e-02 2.089901920000e+00 3.498511800000e-05
2.197433260000e-02 2.090329890000e+00 3.527341690000e-05
2.213654670000e-02 2.090971710000e+00 3.554679280000e-05
2.213654670000e-02 2.090971710000e+00 3.554492290000e-05
2.221765370000e-02 2.091613770000e+00 3.584162190000e-05
2.221765370000e-02 2.091399910000e+00 3.583695430000e-05
2.229876070000e-02 2.091827870000e+00 3.613458470000e-05
2.237986770000e-02 2.092469690000e+00 3.645461040000e-05
2.229876070000e-02 2.092255830000e+00 3.643035230000e-05
2.237986770000e-02 2.092683790000e+00 3.671491870000e-05
2.254208180000e-02 2.093325610000e+00 3.704800470000e-05
2.254208180000e-02 2.093325610000e+00 3.702654430000e-05
2.262318880000e-02 2.093753810000e+00 3.734376880000e-05
2.262318880000e-02 2.093753810000e+00 3.732417460000e-05
2.262318880000e-02 2.094395640000e+00 3.764419670000e-05
2.270429580000e-02 2.094823600000e+00 3.795768860000e-05
2.270429580000e-02 2.094823600000e+00 3.793996440000e-05
2.278540280000e-02 2.095251560000e+00 3.829823980000e-05
2.278540280000e-02 2.095251560000e+00 3.827958060000e-05
2.286650990000e-02 2.095679520000e+00 3.862479570000e-05
2.302872390000e-02 2.096321580000e+00 3.898680370000e-05
2.302872390000e-02 2.096107720000e+00 3.897093850000e-05
2.302872390000e-02 2.096749540000e+00 3.931055470000e-05
2.310983090000e-02 2.097177510000e+00 3.969122550000e-05
2.310983090000e-02 2.097177510000e+00 3.967349770000e-05
2.327204500000e-02 2.097391610000e+00 4.003177310000e-05
2.319093790000e-02 2.097819570000e+00 4.001497650000e-05
2.327204500000e-02 2.098461630000e+00 4.039005220000e-05
2.343425900000e-02 2.098461630000e+00 4.074739260000e-05
2.343425900000e-02 2.098461630000e+00 4.072686720000e-05
2.351536600000e-02 2.099103450000e+00 4.113925750000e-05
2.343425900000e-02 2.098889590000e+00 4.111313320000e-05
2.359647300000e-02 2.099531410000e+00 4.111313320000e-05
2.359647300000e-02 2.099959370000e+00 4.229561450000e-05
2.359647300000e-02 2.099959370000e+00 4.215568700000e-05
2.375867220000e-02 2.100601430000e+00 4.248218470000e-05
2.375867220000e-02 2.101029400000e+00 4.288331550000e-05
2.383977920000e-02 2.101029400000e+00 4.285532490000e-05
2.383977920000e-02 2.101457360000e+00 4.328443540000e-05
2.383977920000e-02 2.101457360000e+00 4.323780010000e-05
2.400199320000e-02 2.101885320000e+00 4.365758650000e-05
2.400199320000e-02 2.102527380000e+00 4.412400810000e-05
2.400199320000e-02 2.102527380000e+00 4.409602480000e-05
2.408310030000e-02 2.102955340000e+00 4.458110930000e-05
2.424531430000e-02 2.103383300000e+00 4.509417340000e-05
2.424531430000e-02 2.103383300000e+00 4.501954750000e-05
2.432642130000e-02 2.103811260000e+00 4.555127820000e-05
2.432642130000e-02 2.104025360000e+00 4.551395980000e-05
2.440752830000e-02 2.104239230000e+00 4.598038870000e-05
2.440752830000e-02 2.104667190000e+00 4.652144710000e-05
2.448863540000e-02 2.104667190000e+00 4.649346370000e-05
2.448863540000e-02 2.105309250000e+00 4.700653150000e-05
2.456974240000e-02 2.105095150000e+00 4.694122980000e-05
2.465084940000e-02 2.105737210000e+00 4.752893070000e-05
2.465084940000e-02 2.106165170000e+00 4.808864110000e-05
2.473195640000e-02 2.106165170000e+00 4.803267070000e-05
2.481306340000e-02 2.106807230000e+00 4.867634200000e-05
2.489417050000e-02 2.107235190000e+00 4.925470780000e-05
2.481306340000e-02 2.107235190000e+00 4.920807260000e-05
2.497527750000e-02 2.107663150000e+00 4.986106430000e-05
2.497527750000e-02 2.107663150000e+00 4.979576260000e-05
2.489417050000e-02 2.108091120000e+00 5.041145410000e-05
2.513749150000e-02 2.108519080000e+00 5.109243650000e-05
2.513749150000e-02 2.108305220000e+00 5.105511810000e-05
2.513749150000e-02 2.108947040000e+00 5.168946520000e-05
2.521859850000e-02 2.108947040000e+00 5.163349120000e-05
2.521859850000e-02 2.109375000000e+00 5.236111970000e-05
2.538081260000e-02 2.110017060000e+00 5.305142620000e-05
2.538081260000e-02 2.110017060000e+00 5.298612810000e-05
2.546190470000e-02 2.110445020000e+00 5.378838980000e-05
2.546190470000e-02 2.110872980000e+00 5.460929610000e-05
2.546190470000e-02 2.110872980000e+00 5.456265350000e-05
2.554301170000e-02 2.111300950000e+00 5.540222260000e-05
2.562411870000e-02 2.111300950000e+00 5.531826900000e-05
2.570522580000e-02 2.111728910000e+00 5.612984750000e-05
2.570522580000e-02 2.112157110000e+00 5.710002730000e-05
2.578633280000e-02 2.112157110000e+00 5.700673500000e-05
2.578633280000e-02 2.112585070000e+00 5.797690390000e-05
2.594854680000e-02 2.113226890000e+00 5.895640060000e-05
2.594854680000e-02 2.113013030000e+00 5.890042670000e-05
2.602965380000e-02 2.113654850000e+00 5.986126780000e-05
2.594854680000e-02 2.113654850000e+00 5.980529750000e-05
2.602965380000e-02 2.113868950000e+00 6.092472540000e-05
2.619186790000e-02 2.114511010000e+00 6.211878640000e-05
2.619186790000e-02 2.114511010000e+00 6.198818300000e-05
2.627297490000e-02 2.114938970000e+00 6.321022370000e-05
2.627297490000e-02 2.114938970000e+00 6.310760360000e-05
2.635408190000e-02 2.115366940000e+00 6.432031660000e-05
2.643518890000e-02 2.115794900000e+00 6.571959970000e-05
2.643518890000e-02 2.115580800000e+00 6.562631460000e-05
2.643518890000e-02 2.116436720000e+00 6.705358830000e-05
2.659740300000e-02 2.116864920000e+00 6.868608030000e-05
2.651629600000e-02 2.116650820000e+00 6.852749360000e-05
2.659740300000e-02 2.117078780000e+00 7.001073390000e-05
2.667851000000e-02 2.116864920000e+00 6.985214710000e-05
2.675961700000e-02 2.117720840000e+00 7.178315720000e-05
2.675961700000e-02 2.118148800000e+00 7.377014120000e-05
2.684072410000e-02 2.118148800000e+00 7.360223390000e-05
2.684072410000e-02 2.118576770000e+00 7.571981400000e-05
2.692183110000e-02 2.118576770000e+00 7.537464260000e-05
2.700293810000e-02 2.119218830000e+00 7.762282620000e-05
2.700293810000e-02 2.119432690000e+00 8.021616670000e-05
2.700293810000e-02 2.119432690000e+00 8.004824490000e-05
2.716515210000e-02 2.119860650000e+00 8.279084430000e-05
2.716515210000e-02 2.120502710000e+00 8.589724170000e-05
2.716515210000e-02 2.120288610000e+00 8.561739380000e-05
2.724624430000e-02 2.120716570000e+00 8.877977960000e-05
2.724624430000e-02 2.120716570000e+00 8.841595260000e-05
2.732735130000e-02 2.121144530000e+00 9.238060010000e-05
2.740845830000e-02 2.121572730000e+00 9.665306420000e-05
2.748956530000e-02 2.121786590000e+00 9.637321640000e-05
2.757067230000e-02 2.122428660000e+00 1.015039090000e-04
2.757067230000e-02 2.122642520000e+00 1.071103690000e-04
2.757067230000e-02 2.122428660000e+00 1.065506660000e-04
2.765177940000e-02 2.122856620000e+00 1.135004350000e-04
2.765177940000e-02 2.122856620000e+00 1.128940710000e-04
2.773288640000e-02 2.123284580000e+00 1.206181040000e-04
2.789510040000e-02 2.123498440000e+00 1.298253920000e-04
2.789510040000e-02 2.123712540000e+00 1.292750090000e-04
2.789510040000e-02 2.124140500000e+00 1.393964780000e-04
2.789510040000e-02 2.124140500000e+00 1.383423510000e-04
2.805731450000e-02 2.124568460000e+00 1.527269630000e-04
2.813842150000e-02 2.125210520000e+00 1.703766030000e-04
2.813842150000e-02 2.124996420000e+00 1.688840130000e-04
2.821952850000e-02 2.125424390000e+00 1.896960170000e-04
2.830063550000e-02 2.126066450000e+00 2.124763270000e-04
2.821952850000e-02 2.126066450000e+00 2.094259110000e-04
2.838174250000e-02 2.126280550000e+00 2.373742320000e-04
2.838174250000e-02 2.126280550000e+00 2.356764450000e-04
2.838174250000e-02 2.126708510000e+00 2.653971900000e-04
2.854395660000e-02 2.127136470000e+00 3.000994040000e-04
2.854395660000e-02 2.127136470000e+00 2.975993270000e-04
2.854395660000e-02 2.127778290000e+00 3.297268410000e-04
2.862506360000e-02 2.127564430000e+00 3.256782950000e-04
2.870617060000e-02 2.127992390000e+00 3.655951590000e-04
2.870617060000e-02 2.128206250000e+00 4.059038180000e-04
2.870617060000e-02 2.128420350000e+00 3.998588650000e-04
2.878727760000e-02 2.128848310000e+00 3.998588650000e-04
2.886838470000e-02 2.129062410000e+00 4.858031170000e-04
2.894949170000e-02 2.129276280000e+00 4.777609140000e-04
2.903058380000e-02 2.129704240000e+00 5.195615230000e-04
2.894949170000e-02 2.129490380000e+00 5.137636910000e-04
2.911169080000e-02 2.129918340000e+00 5.552837390000e-04
2.911169080000e-02 2.130346300000e+00 5.977388940000e-04
2.911169080000e-02 2.130560160000e+00 5.930631310000e-04
2.919279780000e-02 2.130560160000e+00 6.305621350000e-04
2.935501190000e-02 2.131202220000e+00 6.752617190000e-04
2.935501190000e-02 2.131202220000e+00 6.715211200000e-04
2.943611890000e-02 2.131630180000e+00 7.150984600000e-04
2.943611890000e-02 2.131630180000e+00 7.113578610000e-04
2.943611890000e-02 2.132058140000e+00 7.540936350000e-04
2.951722590000e-02 2.132058140000e+00 7.951461590000e-04
2.959833290000e-02 2.132272240000e+00 7.899093910000e-04
2.959833290000e-02 2.132700200000e+00 8.353570010000e-04
2.959833290000e-02 2.132700200000e+00 8.315229210000e-04
2.976054700000e-02 2.133128170000e+00 8.746326200000e-04
2.984165400000e-02 2.133556130000e+00 9.184905790000e-04
2.976054700000e-02 2.133342270000e+00 9.142824570000e-04
2.992276100000e-02 2.133984090000e+00 9.544932400000e-04
2.992276100000e-02 2.134412050000e+00 9.996603480000e-04
3.000386800000e-02 2.134412050000e+00 9.974159770000e-04
3.000386800000e-02 2.134626150000e+00 1.039964730000e-03
3.008497510000e-02 2.134626150000e+00 1.035850150000e-03
3.008497510000e-02 2.135267970000e+00 1.079146980000e-03
3.024718910000e-02 2.135696170000e+00 1.117674630000e-03
3.016608210000e-02 2.135482070000e+00 1.113746900000e-03
3.024718910000e-02 2.135910030000e+00 1.157511370000e-03
3.024718910000e-02 2.135696170000e+00 1.153303310000e-03
3.040940310000e-02 2.136124130000e+00 1.196600030000e-03
3.040940310000e-02 2.136765960000e+00 1.238120020000e-03
3.049051020000e-02 2.136765960000e+00 1.234473080000e-03
3.057161720000e-02 2.137193920000e+00 1.274309820000e-03
3.065272420000e-02 2.137621880000e+00 1.322282360000e-03
3.065272420000e-02 2.137408020000e+00 1.317887220000e-03
3.073383120000e-02 2.138050080000e+00 1.359687650000e-03
3.073383120000e-02 2.137835980000e+00 1.354637910000e-03
3.073383120000e-02 2.138263940000e+00 1.399243950000e-03
3.089603040000e-02 2.138691900000e+00 1.440857650000e-03
3.081492330000e-02 2.138906000000e+00 1.435059700000e-03
3.097713740000e-02 2.139119860000e+00 1.479198220000e-03
3.097713740000e-02 2.139119860000e+00 1.476112290000e-03
3.097713740000e-02 2.139547820000e+00 1.517445200000e-03
3.113935140000e-02 2.139761920000e+00 1.558684740000e-03
3.105824440000e-02 2.139761920000e+00 1.555692400000e-03
3.122045840000e-02 2.140189890000e+00 1.594874660000e-03
3.122045840000e-02 2.140831950000e+00 1.640696080000e-03
3.122045840000e-02 2.140617850000e+00 1.637236220000e-03
3.138267250000e-02 2.140831950000e+00 1.679223730000e-03
3.138267250000e-02 2.140617850000e+00 1.676605550000e-03
3.146377950000e-02 2.141473770000e+00 1.719621710000e-03
3.154488650000e-02 2.141901730000e+00 1.759645530000e-03
3.138267250000e-02 2.141901730000e+00 1.755998590000e-03
3.154488650000e-02 2.142329930000e+00 1.799575750000e-03
3.170710060000e-02 2.142757890000e+00 1.841937660000e-03
3.162599350000e-02 2.142757890000e+00 1.838009920000e-03
3.178820760000e-02 2.143185850000e+00 1.881026200000e-03
3.178820760000e-02 2.142971750000e+00 1.877566330000e-03
3.178820760000e-02 2.143399720000e+00 1.914971620000e-03
3.186931460000e-02 2.143827680000e+00 1.961354170000e-03
3.186931460000e-02 2.143827680000e+00 1.956959020000e-03
3.195042160000e-02 2.144255640000e+00 1.999133970000e-03
3.195042160000e-02 2.144041780000e+00 1.996328360000e-03
3.203152870000e-02 2.144683840000e+00 2.040934520000e-03
3.219374270000e-02 2.145111800000e+00 2.082641470000e-03
3.211263570000e-02 2.144897700000e+00 2.080210250000e-03
3.227484970000e-02 2.145539760000e+00 2.121356080000e-03
3.235595670000e-02 2.145967720000e+00 2.165401120000e-03
3.235595670000e-02 2.145753620000e+00 2.161099340000e-03
3.243706380000e-02 2.146395680000e+00 2.204302930000e-03
3.235595670000e-02 2.146181580000e+00 2.198130820000e-03
3.251817080000e-02 2.146823640000e+00 2.238154640000e-03
3.251817080000e-02 2.147037740000e+00 2.282947770000e-03
3.251817080000e-02 2.147251610000e+00 2.277804310000e-03
3.268036990000e-02 2.147465710000e+00 2.320165980000e-03
3.259926290000e-02 2.147251610000e+00 2.315864430000e-03
3.276147690000e-02 2.147893670000e+00 2.360189800000e-03
3.276147690000e-02 2.148321630000e+00 2.401523060000e-03
3.276147690000e-02 2.148107530000e+00 2.395537910000e-03
3.292369100000e-02 2.148535490000e+00 2.438367110000e-03
3.300479800000e-02 2.148963450000e+00 2.479887330000e-03
3.300479800000e-02 2.148963450000e+00 2.475305230000e-03
3.300479800000e-02 2.149391650000e+00 2.518788910000e-03
3.308590500000e-02 2.149391650000e+00 2.515422410000e-03
3.300479800000e-02 2.149391650000e+00 2.554885110000e-03
3.316701200000e-02 2.150247570000e+00 2.599958560000e-03
3.324811910000e-02 2.150247570000e+00 2.596872860000e-03
3.324811910000e-02 2.150461440000e+00 2.640730700000e-03
3.332922610000e-02 2.150889400000e+00 2.685430230000e-03
3.332922610000e-02 2.150889400000e+00 2.680847890000e-03
3.341033310000e-02 2.151317360000e+00 2.721620030000e-03
3.341033310000e-02 2.151317360000e+00 2.715354550000e-03
3.357254710000e-02 2.151959420000e+00 2.759399360000e-03
3.357254710000e-02 2.152173520000e+00 2.802509350000e-03
3.357254710000e-02 2.152173520000e+00 2.798394530000e-03
3.373476120000e-02 2.152387380000e+00 2.840475880000e-03
3.365365420000e-02 2.152601480000e+00 2.837483310000e-03
3.373476120000e-02 2.152815340000e+00 2.876946000000e-03
3.381586820000e-02 2.153243300000e+00 2.921271600000e-03
3.389697520000e-02 2.153457400000e+00 2.917905110000e-03
3.389697520000e-02 2.153885360000e+00 2.960547340000e-03
3.397808220000e-02 2.154099460000e+00 3.002441490000e-03
3.397808220000e-02 2.154099460000e+00 2.998326670000e-03
3.405918930000e-02 2.154313330000e+00 3.036386800000e-03
3.405918930000e-02 2.154313330000e+00 3.031524130000e-03
3.414029630000e-02 2.154741290000e+00 3.073885800000e-03
3.430251030000e-02 2.155383350000e+00 3.115873320000e-03
3.422140330000e-02 2.155169250000e+00 3.110730320000e-03
3.438360240000e-02 2.155811310000e+00 3.152437280000e-03
3.438360240000e-02 2.155597210000e+00 3.147387640000e-03
3.446470950000e-02 2.156025170000e+00 3.185634500000e-03
3.454581650000e-02 2.156453370000e+00 3.232297950000e-03
3.454581650000e-02 2.156453370000e+00 3.227902810000e-03
3.454581650000e-02 2.156881330000e+00 3.270170650000e-03
3.470803050000e-02 2.157095190000e+00 3.314589620000e-03
3.470803050000e-02 2.157309290000e+00 3.311316950000e-03
3.478913750000e-02 2.157523160000e+00 3.351995260000e-03
3.470803050000e-02 2.157737260000e+00 3.348628760000e-03
3.478913750000e-02 2.158165220000e+00 3.392486600000e-03
3.487024460000e-02 2.158379080000e+00 3.435876920000e-03
3.495135160000e-02 2.158379080000e+00 3.430546730000e-03
3.503245860000e-02 2.158593180000e+00 3.473469290000e-03
3.503245860000e-02 2.159235240000e+00 3.513306380000e-03
3.503245860000e-02 2.159021140000e+00 3.509565720000e-03
3.519467260000e-02 2.159877060000e+00 3.553797720000e-03
3.511356560000e-02 2.159663200000e+00 3.549963470000e-03
3.519467260000e-02 2.159877060000e+00 3.592138180000e-03
3.527577970000e-02 2.160519120000e+00 3.637211860000e-03
3.535688670000e-02 2.160519120000e+00 3.633471210000e-03
3.535688670000e-02 2.160732980000e+00 3.673869190000e-03
3.543799370000e-02 2.160947080000e+00 3.670409090000e-03
3.551910070000e-02 2.161161180000e+00 3.712864360000e-03
3.551910070000e-02 2.161589150000e+00 3.753075140000e-03
3.551910070000e-02 2.161375050000e+00 3.748773360000e-03
3.568131480000e-02 2.162017110000e+00 3.790293590000e-03
3.576242180000e-02 2.162230970000e+00 3.830223810000e-03
3.568131480000e-02 2.162445070000e+00 3.827418430000e-03
3.576242180000e-02 2.162658930000e+00 3.871089310000e-03
3.584352880000e-02 2.162658930000e+00 3.868003380000e-03
3.592463580000e-02 2.162873030000e+00 3.910177850000e-03
3.592463580000e-02 2.163728950000e+00 3.954690420000e-03
3.600574280000e-02 2.163515090000e+00 3.949453590000e-03
3.600574280000e-02 2.163943050000e+00 3.989570770000e-03
3.608684990000e-02 2.163943050000e+00 3.985082260000e-03
3.616794200000e-02 2.164371010000e+00 4.026976410000e-03
3.624904900000e-02 2.164798970000e+00 4.066720140000e-03
3.624904900000e-02 2.164584880000e+00 4.062417890000e-03
3.633015600000e-02 2.165012840000e+00 4.102535550000e-03
3.641126300000e-02 2.165440800000e+00 4.323678560000e-03
3.641126300000e-02 2.165654900000e+00 4.168861550000e-03
3.649237010000e-02 2.165869000000e+00 4.196840800000e-03
3.649237010000e-02 2.165869000000e+00 4.191244950000e-03
3.657347710000e-02 2.166296960000e+00 4.226684570000e-03
3.665458410000e-02 2.166724920000e+00 4.268652760000e-03
3.665458410000e-02 2.166724920000e+00 4.264922810000e-03
3.665458410000e-02 2.166938780000e+00 4.305025560000e-03
3.681679820000e-02 2.167794700000e+00 4.344196520000e-03
3.673569110000e-02 2.167152880000e+00 4.340465180000e-03
3.681679820000e-02 2.167794700000e+00 4.380568860000e-03
3.681679820000e-02 2.167794700000e+00 4.374973010000e-03
3.697901220000e-02 2.168008800000e+00 4.416941670000e-03
3.697901220000e-02 2.168436770000e+00 4.450515840000e-03
3.706011920000e-02 2.168650870000e+00 4.448650870000e-03
3.714122620000e-02 2.168864730000e+00 4.494349470000e-03
3.706011920000e-02 2.168864730000e+00 4.492484030000e-03
3.722233330000e-02 2.169292690000e+00 4.531654990000e-03
3.722233330000e-02 2.169720650000e+00 4.578286320000e-03
3.730344030000e-02 2.169506790000e+00 4.571757740000e-03
3.738454730000e-02 2.169934750000e+00 4.613726400000e-03
3.738454730000e-02 2.170576810000e+00 4.655694590000e-03
3.738454730000e-02 2.170576810000e+00 4.651964180000e-03
3.746565430000e-02 2.170790670000e+00 4.691134210000e-03
3.754676130000e-02 2.170790670000e+00 4.685538360000e-03
3.754676130000e-02 2.171432730000e+00 4.725642500000e-03
3.762786840000e-02 2.171646600000e+00 4.768543410000e-03
3.762786840000e-02 2.171646600000e+00 4.766677970000e-03
3.779008240000e-02 2.172074560000e+00 4.809578880000e-03
3.779008240000e-02 2.172074560000e+00 4.803983030000e-03
3.787118940000e-02 2.172502520000e+00 4.845951680000e-03
3.787118940000e-02 2.172716620000e+00 4.888853060000e-03
3.787118940000e-02 2.172716620000e+00 4.882324020000e-03
3.795228150000e-02 2.173144580000e+00 4.920562260000e-03
3.811449560000e-02 2.173572540000e+00 4.967193580000e-03
3.811449560000e-02 2.173572540000e+00 4.962529520000e-03
3.811449560000e-02 2.173786640000e+00 4.998903260000e-03
3.819560260000e-02 2.174000500000e+00 4.997970540000e-03
3.819560260000e-02 2.174214600000e+00 5.033410150000e-03
3.835781660000e-02 2.174642560000e+00 5.077244250000e-03
3.827670960000e-02 2.174642560000e+00 5.068849770000e-03
3.835781660000e-02 2.175070520000e+00 5.111751150000e-03
3.843892370000e-02 2.175498490000e+00 5.149989390000e-03
3.843892370000e-02 2.175284620000e+00 5.147190760000e-03
3.852003070000e-02 2.175926450000e+00 5.189159420000e-03
3.852003070000e-02 2.175712590000e+00 5.186361730000e-03
3.860113770000e-02 2.176140550000e+00 5.219935910000e-03
3.868224470000e-02 2.176568510000e+00 5.264702720000e-03
3.868224470000e-02 2.176568510000e+00 5.265635440000e-03
3.876335170000e-02 2.176996470000e+00 5.303872750000e-03
3.876335170000e-02 2.176996470000e+00 5.298276900000e-03
3.884445880000e-02 2.177424430000e+00 5.337447860000e-03
3.900667280000e-02 2.177638530000e+00 5.371954760000e-03
3.892556580000e-02 2.177638530000e+00 5.368224810000e-03
3.900667280000e-02 2.178066490000e+00 5.406462590000e-03
3.908777980000e-02 2.178494450000e+00 5.442835390000e-03
3.908777980000e-02 2.178494450000e+00 5.438172260000e-03
3.916888680000e-02 2.178708310000e+00 5.477342290000e-03
3.924999390000e-02 2.178708310000e+00 5.477342290000e-03
3.924999390000e-02 2.179350380000e+00 5.511849190000e-03
3.933110090000e-02 2.179778340000e+00 5.553817380000e-03

