#  J [A] 	 V 	 L [w] 
7.562339310000e-05 1.771420240000e-03 -1.678614250000e-09
7.562339310000e-05 1.557439570000e-03 5.808427630000e-10
7.562339310000e-05 1.771420240000e-03 -1.291277420000e-09
7.562339310000e-05 1.557439570000e-03 -1.291277420000e-09
7.562339310000e-05 1.557439570000e-03 -1.033068410000e-09
-5.483627320000e-06 1.771420240000e-03 -1.807742070000e-09
3.189444540000e-04 1.233079430000e+00 6.808126610000e-07
8.866861460000e-04 1.368963960000e+00 1.256204650000e-06
1.130007210000e-03 1.379663710000e+00 1.622756490000e-06
1.292221250000e-03 1.389079330000e+00 2.007513100000e-06
1.454435290000e-03 1.400634770000e+00 2.606920130000e-06
1.697756350000e-03 1.407910590000e+00 2.606920130000e-06
1.859962940000e-03 1.417540070000e+00 3.755821810000e-06
1.941069960000e-03 1.423317910000e+00 4.209221970000e-06
2.265498040000e-03 1.431235550000e+00 4.964023900000e-06
2.427712080000e-03 1.436371330000e+00 5.470689300000e-06
2.671025690000e-03 1.443861250000e+00 6.289798420000e-06
2.914346750000e-03 1.448569060000e+00 6.847130860000e-06
3.076560800000e-03 1.454988720000e+00 7.696120520000e-06
3.238774840000e-03 1.459054470000e+00 8.304118640000e-06
3.482095900000e-03 1.465046410000e+00 9.228458110000e-06
3.725409510000e-03 1.469112160000e+00 9.892969500000e-06
3.887623550000e-03 1.474889990000e+00 1.087317380000e-05
4.130944610000e-03 1.478313680000e+00 1.155652170000e-05
4.293158650000e-03 1.483877660000e+00 1.262376650000e-05
4.455365240000e-03 1.487301350000e+00 1.334479020000e-05
4.698686300000e-03 1.490725280000e+00 1.406451610000e-05
4.860900340000e-03 1.495647190000e+00 1.519671880000e-05
5.023114380000e-03 1.498857020000e+00 1.597360460000e-05
5.347535010000e-03 1.503778700000e+00 1.718635390000e-05
5.428642030000e-03 1.506774660000e+00 1.798857560000e-05
5.671963100000e-03 1.511482480000e+00 1.927082850000e-05
5.834177140000e-03 1.514264350000e+00 2.010032950000e-05
6.077498200000e-03 1.518544200000e+00 2.142935230000e-05
6.239704790000e-03 1.521540160000e+00 2.236603540000e-05
6.564132870000e-03 1.525820020000e+00 2.378794490000e-05
6.645239890000e-03 1.528387780000e+00 2.471813240000e-05
6.888560950000e-03 1.532881740000e+00 2.625111850000e-05
7.050774990000e-03 1.535449500000e+00 2.727029820000e-05
7.294088600000e-03 1.539515500000e+00 2.727029820000e-05
7.456302640000e-03 1.542083260000e+00 3.025843220000e-05
7.780730720000e-03 1.546149250000e+00 3.187559560000e-05
7.780730720000e-03 1.548503160000e+00 3.296020080000e-05
8.186258380000e-03 1.552354810000e+00 3.479818040000e-05
8.267365400000e-03 1.554708720000e+00 3.604514500000e-05
8.429579440000e-03 1.557276730000e+00 3.734407070000e-05
8.672900500000e-03 1.560700650000e+00 3.937039220000e-05
8.835114540000e-03 1.563268420000e+00 4.104600520000e-05
9.078428150000e-03 1.566906450000e+00 4.335808990000e-05
9.240642190000e-03 1.569046260000e+00 4.492979130000e-05
9.565070270000e-03 1.572470190000e+00 4.769650330000e-05
9.646177290000e-03 1.575037960000e+00 4.959942450000e-05
9.889490900000e-03 1.578461890000e+00 5.288570900000e-05
1.005170490000e-02 1.580601690000e+00 5.526924000000e-05
1.029502600000e-02 1.584239720000e+00 5.971155040000e-05
1.045724000000e-02 1.586593630000e+00 6.320566170000e-05
1.070055370000e-02 1.589375500000e+00 6.964183560000e-05
1.086276770000e-02 1.591729400000e+00 7.549998550000e-05
1.110608880000e-02 1.594939230000e+00 8.933353820000e-05
1.126830280000e-02 1.596651080000e+00 1.063949090000e-04
1.151162390000e-02 1.599433180000e+00 1.788294610000e-04
1.167383040000e-02 1.600717070000e+00 2.784829700000e-04
1.191715150000e-02 1.602643010000e+00 2.784829700000e-04
1.207936560000e-02 1.603926900000e+00 5.730547130000e-04
1.224157960000e-02 1.605210780000e+00 6.899833100000e-04
1.248489320000e-02 1.606708770000e+00 8.616654090000e-04
1.256600020000e-02 1.608206750000e+00 9.838676780000e-04
1.289042830000e-02 1.610346560000e+00 1.162711300000e-03
1.305264230000e-02 1.611630680000e+00 1.281528040000e-03
1.337706300000e-02 1.613342520000e+00 1.458353360000e-03
1.345817000000e-02 1.614412550000e+00 1.575933190000e-03
1.378259810000e-02 1.616552350000e+00 1.754125700000e-03
1.378259810000e-02 1.617836240000e+00 1.876067250000e-03
1.410702620000e-02 1.619976280000e+00 2.053804230000e-03
1.426923270000e-02 1.621046300000e+00 2.175745790000e-03
1.451255380000e-02 1.623186110000e+00 2.355435860000e-03
1.467476790000e-02 1.624256130000e+00 2.476726660000e-03
1.491808890000e-02 1.626395940000e+00 2.649320290000e-03
1.499919590000e-02 1.627465960000e+00 2.761105540000e-03
1.524250950000e-02 1.629819870000e+00 2.761105540000e-03
1.548583060000e-02 1.630889890000e+00 3.088751810000e-03
1.572915170000e-02 1.632815840000e+00 3.251078070000e-03
1.589136570000e-02 1.634099720000e+00 3.372498560000e-03
1.605357230000e-02 1.635169740000e+00 3.509502630000e-03
1.629689340000e-02 1.637309550000e+00 3.671828890000e-03
1.645910740000e-02 1.638379570000e+00 3.782859770000e-03
1.670242850000e-02 1.640305520000e+00 3.962717950000e-03
1.678353550000e-02 1.641375540000e+00 4.080892070000e-03
1.710795610000e-02 1.643301250000e+00 4.258801690000e-03
1.727017020000e-02 1.644799230000e+00 4.386065990000e-03
1.751349120000e-02 1.646511320000e+00 4.556833300000e-03
1.767570530000e-02 1.647795200000e+00 4.666565920000e-03
1.791901890000e-02 1.649721150000e+00 4.855514040000e-03
1.800012590000e-02 1.651005030000e+00 4.975636020000e-03
1.832455400000e-02 1.652930970000e+00 5.150299050000e-03
1.848676800000e-02 1.654214860000e+00 5.269121840000e-03
1.873008160000e-02 1.656140800000e+00 5.448980260000e-03
1.881118860000e-02 1.657424690000e+00 5.564556460000e-03
1.913561670000e-02 1.659136770000e+00 5.758699030000e-03
1.929783080000e-02 1.660634760000e+00 5.859990600000e-03
1.954115180000e-02 1.662560700000e+00 6.042446010000e-03
1.970336590000e-02 1.663844590000e+00 6.183994470000e-03
1.986557990000e-02 1.665128470000e+00 6.285935640000e-03
2.010888610000e-02 1.667054410000e+00 6.467091390000e-03
2.027110010000e-02 1.668124440000e+00 6.586564700000e-03
2.051442120000e-02 1.669836280000e+00 6.767720920000e-03
2.067663520000e-02 1.671120170000e+00 6.894985680000e-03
2.091995630000e-02 1.673046110000e+00 7.076791020000e-03
2.108217030000e-02 1.674544100000e+00 7.177433460000e-03
2.124438430000e-02 1.676470040000e+00 7.379367020000e-03
2.148770540000e-02 1.677325960000e+00 7.477412930000e-03
2.173102650000e-02 1.679251910000e+00 7.658569140000e-03
2.181213350000e-02 1.680107830000e+00 7.776741870000e-03
2.213654670000e-02 1.682247880000e+00 7.958549070000e-03
2.229876070000e-02 1.683317900000e+00 8.081917650000e-03
2.246097480000e-02 1.685029750000e+00 8.261125530000e-03
2.270429580000e-02 1.686313630000e+00 8.396181280000e-03
2.294761690000e-02 1.688025710000e+00 8.566948590000e-03
2.310983090000e-02 1.689523460000e+00 8.690316230000e-03
2.335315200000e-02 1.691021440000e+00 8.863681000000e-03
2.351536600000e-02 1.692519430000e+00 8.979906330000e-03
2.359647300000e-02 1.693589450000e+00 9.088991210000e-03
2.392088620000e-02 1.695301290000e+00 9.289626960000e-03
2.400199320000e-02 1.696371320000e+00 9.398060850000e-03
2.432642130000e-02 1.698297260000e+00 9.584411050000e-03
2.448863540000e-02 1.699367050000e+00 9.708428760000e-03
2.465084940000e-02 1.701292990000e+00 9.879196060000e-03
2.481306340000e-02 1.702363010000e+00 1.000191550000e-02
2.513749150000e-02 1.704288960000e+00 1.018437000000e-02
2.529970560000e-02 1.705358980000e+00 1.032137410000e-02
2.546190470000e-02 1.707070830000e+00 1.048499900000e-02
2.570522580000e-02 1.708568810000e+00 1.058823990000e-02
2.594854680000e-02 1.710066800000e+00 1.079991370000e-02
2.602965380000e-02 1.711350680000e+00 1.090055520000e-02
2.627297490000e-02 1.713062520000e+00 1.108430790000e-02
2.651629600000e-02 1.714346650000e+00 1.119793770000e-02
2.667851000000e-02 1.715844630000e+00 1.137909390000e-02
2.684072410000e-02 1.716914420000e+00 1.149986400000e-02
2.708404510000e-02 1.719054220000e+00 1.167842370000e-02
2.732735130000e-02 1.719910380000e+00 1.181023380000e-02
2.748956530000e-02 1.721194270000e+00 1.192126520000e-02
2.765177940000e-02 1.722906110000e+00 1.208424010000e-02
2.789510040000e-02 1.724190240000e+00 1.221215450000e-02
2.805731450000e-02 1.725902080000e+00 1.239850470000e-02
2.821952850000e-02 1.726972100000e+00 1.251797750000e-02
2.846284960000e-02 1.728898050000e+00 1.268354990000e-02
2.862506360000e-02 1.729753970000e+00 1.280367100000e-02
2.886838470000e-02 1.731679920000e+00 1.298158150000e-02
2.911169080000e-02 1.732963800000e+00 1.310105440000e-02
2.927390490000e-02 1.734461780000e+00 1.327766480000e-02
2.943611890000e-02 1.735745670000e+00 1.340103240000e-02
2.967944000000e-02 1.737457510000e+00 1.358024220000e-02
2.984165400000e-02 1.738741640000e+00 1.370231160000e-02
3.016608210000e-02 1.740239620000e+00 1.390359550000e-02
3.024718910000e-02 1.741309400000e+00 1.401008290000e-02
3.057161720000e-02 1.743235350000e+00 1.417046130000e-02
3.065272420000e-02 1.744305370000e+00 1.428993330000e-02
3.097713740000e-02 1.746231320000e+00 1.446979210000e-02
3.113935140000e-02 1.747301340000e+00 1.459510720000e-02
3.122045840000e-02 1.748371120000e+00 1.472821550000e-02
3.146377950000e-02 1.750083210000e+00 1.490417770000e-02
3.170710060000e-02 1.750939130000e+00 1.501456000000e-02
3.186931460000e-02 1.752865080000e+00 1.519506610000e-02
3.211263570000e-02 1.754148960000e+00 1.530544830000e-02
3.235595670000e-02 1.755646940000e+00 1.550673320000e-02
3.243706380000e-02 1.756930830000e+00 1.561711540000e-02
3.276147690000e-02 1.758428810000e+00 1.578853090000e-02
3.284258400000e-02 1.759498830000e+00 1.592553590000e-02
3.308590500000e-02 1.761210680000e+00 1.610474470000e-02
3.324811910000e-02 1.762280700000e+00 1.622356850000e-02
3.349144010000e-02 1.763778690000e+00 1.641511170000e-02
3.365365420000e-02 1.764848470000e+00 1.652419570000e-02
3.389697520000e-02 1.766560550000e+00 1.669301470000e-02
3.405918930000e-02 1.767630340000e+00 1.681508500000e-02
3.438360240000e-02 1.769342420000e+00 1.698845070000e-02
3.446470950000e-02 1.770412450000e+00 1.711831240000e-02
3.478913750000e-02 1.772338150000e+00 1.731505060000e-02
3.495135160000e-02 1.773194310000e+00 1.742867940000e-02
3.503245860000e-02 1.774264100000e+00 1.754425650000e-02
3.535688670000e-02 1.776190040000e+00 1.772281530000e-02
3.543799370000e-02 1.777045970000e+00 1.784423550000e-02
3.576242180000e-02 1.778543950000e+00 1.801889950000e-02
3.592463580000e-02 1.779828070000e+00 1.813642310000e-02
3.608684990000e-02 1.781111960000e+00 1.831563190000e-02
3.624904900000e-02 1.782395840000e+00 1.843640390000e-02
3.649237010000e-02 1.784107690000e+00 1.862340230000e-02
3.665458410000e-02 1.785391810000e+00 1.873313640000e-02
3.697901220000e-02 1.787103650000e+00 1.890520190000e-02
3.706011920000e-02 1.787959580000e+00 1.902662220000e-02
3.738454730000e-02 1.789457560000e+00 1.920323260000e-02
3.746565430000e-02 1.790741440000e+00 1.933179610000e-02
3.770897540000e-02 1.792239430000e+00 1.951684800000e-02
3.787118940000e-02 1.793309450000e+00 1.961684230000e-02
3.811449560000e-02 1.794807430000e+00 1.979864760000e-02
3.827670960000e-02 1.795877220000e+00 1.991552300000e-02
3.852003070000e-02 1.797589300000e+00 2.009148340000e-02
3.868224470000e-02 1.798659320000e+00 2.019407410000e-02
3.892556580000e-02 1.799729110000e+00 2.033042910000e-02
3.908777980000e-02 1.801227090000e+00 2.050898780000e-02
3.924999390000e-02 1.802297120000e+00 2.062326670000e-02
3.957442190000e-02 1.804008960000e+00 2.079598230000e-02
3.965552900000e-02 1.804864880000e+00 2.092844060000e-02
3.989883510000e-02 1.806790830000e+00 2.109920980000e-02
4.006104920000e-02 1.807860850000e+00 2.121348680000e-02
4.030437020000e-02 1.809572700000e+00 2.138295580000e-02
4.054769130000e-02 1.810428860000e+00 2.151671050000e-02
4.079101230000e-02 1.812140700000e+00 2.169397290000e-02
4.095322640000e-02 1.813424590000e+00 2.183097600000e-02
4.111544040000e-02 1.814494610000e+00 2.199654840000e-02
4.135876150000e-02 1.815992590000e+00 2.210952710000e-02
4.152096060000e-02 1.817490580000e+00 2.228938420000e-02
4.176428170000e-02 1.818346500000e+00 2.241599930000e-02
4.200760280000e-02 1.820058350000e+00 2.258741670000e-02
4.208870980000e-02 1.820914270000e+00 2.272506990000e-02
4.225092380000e-02 1.821770430000e+00 2.283090730000e-02
4.257535190000e-02 1.823482280000e+00 2.301141430000e-02
4.273756590000e-02 1.824338200000e+00 2.314062600000e-02
4.289978000000e-02 1.826264140000e+00 2.330944690000e-02
4.306199400000e-02 1.827120070000e+00 2.344125510000e-02
4.338640720000e-02 1.828618050000e+00 2.362046390000e-02
4.346751420000e-02 1.829688070000e+00 2.373474090000e-02
4.371083530000e-02 1.831186060000e+00 2.390485820000e-02
4.395415630000e-02 1.832255840000e+00 2.401718870000e-02
4.411637040000e-02 1.833967920000e+00 2.419185450000e-02
4.427858440000e-02 1.834823850000e+00 2.431651950000e-02
4.452190550000e-02 1.836321830000e+00 2.447819900000e-02
4.468411950000e-02 1.837177750000e+00 2.460740880000e-02
4.492744060000e-02 1.838889600000e+00 2.479116250000e-02
4.508963970000e-02 1.839959620000e+00 2.491712760000e-02
4.533296080000e-02 1.841457610000e+00 2.509049330000e-02
4.549517480000e-02 1.842313530000e+00 2.521386000000e-02
4.581960290000e-02 1.844239470000e+00 2.539436710000e-02
4.590070990000e-02 1.844881530000e+00 2.550475110000e-02
4.606292400000e-02 1.845951320000e+00 2.562552130000e-02
4.630624500000e-02 1.847449300000e+00 2.581706830000e-02
4.638735200000e-02 1.848519330000e+00 2.591770890000e-02
4.671178010000e-02 1.850231170000e+00 2.609626760000e-02
4.695508630000e-02 1.851087090000e+00 2.622158270000e-02
4.719840740000e-02 1.852585080000e+00 2.639495020000e-02
4.727951440000e-02 1.853655100000e+00 2.649429440000e-02
4.752283540000e-02 1.855153080000e+00 2.667479960000e-02
4.776615650000e-02 1.856009010000e+00 2.678907660000e-02
4.784726350000e-02 1.857292890000e+00 2.696114410000e-02
4.809058460000e-02 1.858362910000e+00 2.709425050000e-02
4.833390560000e-02 1.860288860000e+00 2.727865610000e-02
4.857722670000e-02 1.860930680000e+00 2.737929670000e-02
4.873942580000e-02 1.862642770000e+00 2.754876580000e-02
4.890163990000e-02 1.863712790000e+00 2.767602910000e-02
4.914496090000e-02 1.865210530000e+00 2.782991530000e-02
4.938828200000e-02 1.866280560000e+00 2.791757320000e-02
4.955049600000e-02 1.867778540000e+00 2.812859790000e-02
4.971271010000e-02 1.868420600000e+00 2.824547140000e-02
4.979381710000e-02 1.869490390000e+00 2.837143650000e-02
5.011824520000e-02 1.870988370000e+00 2.855129350000e-02
5.028045920000e-02 1.872058390000e+00 2.866557050000e-02
5.052376540000e-02 1.873770240000e+00 2.866557050000e-02
5.068597940000e-02 1.874626160000e+00 2.911557440000e-02
5.092930050000e-02 1.876124140000e+00 2.914791740000e-02
5.117262150000e-02 1.877194170000e+00 2.923201210000e-02
5.141594260000e-02 1.878478050000e+00 2.941960470000e-02
5.149704960000e-02 1.879548070000e+00 2.958779040000e-02
5.174037070000e-02 1.881046060000e+00 2.972362940000e-02
5.190258470000e-02 1.882116080000e+00 2.985300680000e-02
5.214590580000e-02 1.883185860000e+00 2.993709590000e-02
5.230810490000e-02 1.884469990000e+00 3.003412670000e-02
5.255142600000e-02 1.885967730000e+00 3.022819200000e-02
5.271364000000e-02 1.886823890000e+00 3.040931190000e-02
5.287585410000e-02 1.888321640000e+00 3.063572010000e-02
5.303806810000e-02 1.889177800000e+00 3.062924560000e-02
5.336249620000e-02 1.890675540000e+00 3.080390580000e-02
5.352471020000e-02 1.891531710000e+00 3.093974290000e-02
5.368692430000e-02 1.892387630000e+00 3.111440130000e-02
5.393024530000e-02 1.893885610000e+00 3.126318010000e-02
5.409244450000e-02 1.895169500000e+00 3.137315060000e-02
5.433576550000e-02 1.896881340000e+00 3.138608490000e-02
5.449797960000e-02 1.897523400000e+00 3.165776660000e-02
5.474130060000e-02 1.899021390000e+00 3.169658040000e-02
5.482240770000e-02 1.899877310000e+00 3.188417480000e-02
5.514683570000e-02 1.901375290000e+00 3.220113740000e-02
5.522794280000e-02 1.902659180000e+00 3.224642200000e-02
5.555237080000e-02 1.903943060000e+00 3.240814060000e-02
5.571458490000e-02 1.905013080000e+00 3.249222790000e-02
5.595789100000e-02 1.906296970000e+00 3.278332580000e-02
5.620121210000e-02 1.907152890000e+00 3.275097530000e-02
5.636342610000e-02 1.908650880000e+00 3.302913160000e-02
5.652564020000e-02 1.909506800000e+00 3.307441620000e-02
5.676896130000e-02 1.911004780000e+00 3.328788280000e-02
5.693117530000e-02 1.912074800000e+00 3.336550300000e-02
5.717449640000e-02 1.913144830000e+00 3.354015570000e-02
5.733671040000e-02 1.914214610000e+00 3.357896950000e-02
5.749892440000e-02 1.915284630000e+00 3.378596530000e-02
5.774223060000e-02 1.916782620000e+00 3.397355970000e-02
5.790444460000e-02 1.917638540000e+00 3.399296480000e-02
5.814776570000e-02 1.919136520000e+00 3.419349720000e-02
5.839108680000e-02 1.919992450000e+00 3.458161650000e-02
5.863440780000e-02 1.921276330000e+00 3.453633560000e-02
5.871551480000e-02 1.922132490000e+00 3.463336830000e-02
5.895883590000e-02 1.923416380000e+00 3.482742610000e-02
5.903994290000e-02 1.924700260000e+00 3.493092210000e-02
5.936435610000e-02 1.925984140000e+00 3.511204940000e-02
5.944546310000e-02 1.926840310000e+00 3.525435920000e-02
5.976989120000e-02 1.928552150000e+00 3.542901200000e-02
5.993210520000e-02 1.929194210000e+00 3.562954810000e-02
6.017542630000e-02 1.930478100000e+00 3.576538340000e-02
6.033764030000e-02 1.931548120000e+00 3.579125930000e-02
6.058096140000e-02 1.933045860000e+00 3.590769690000e-02
6.082428250000e-02 1.934115890000e+00 3.601766750000e-02
6.090538950000e-02 1.935400010000e+00 3.628934920000e-02
6.122980270000e-02 1.936469790000e+00 3.631522510000e-02
6.131090970000e-02 1.937325720000e+00 3.641872480000e-02
6.155423070000e-02 1.938823700000e+00 3.673569110000e-02
6.163533780000e-02 1.939679620000e+00 3.674862910000e-02
6.187865880000e-02 1.940963750000e+00 3.694269060000e-02
6.212197990000e-02 1.942033530000e+00 3.705265370000e-02
6.236530100000e-02 1.943531510000e+00 3.726612030000e-02
6.252751500000e-02 1.944387440000e+00 3.735021870000e-02
6.285194310000e-02 1.945671560000e+00 3.756368530000e-02
6.293305010000e-02 1.946741340000e+00 3.756368530000e-02
6.317635630000e-02 1.948025470000e+00 3.787418080000e-02
6.333857030000e-02 1.949095250000e+00 3.790005670000e-02
6.350078430000e-02 1.950379370000e+00 3.810058160000e-02
6.374410540000e-02 1.951235290000e+00 3.821055220000e-02
6.398742650000e-02 1.952733280000e+00 3.833992410000e-02
6.414964050000e-02 1.953589200000e+00 3.851457690000e-02
6.439296160000e-02 1.955087180000e+00 3.861808030000e-02
6.447406860000e-02 1.955729010000e+00 3.878626600000e-02
6.479848180000e-02 1.957013130000e+00 3.897386040000e-02
6.496069580000e-02 1.957869050000e+00 3.900619970000e-02
6.512290980000e-02 1.958939080000e+00 3.918732700000e-02
6.536623090000e-02 1.960436820000e+00 3.932316600000e-02
6.552844490000e-02 1.961078880000e+00 3.951722380000e-02
6.577176600000e-02 1.962362770000e+00 3.964013610000e-02
6.593398000000e-02 1.963218690000e+00 3.981478880000e-02
6.617730110000e-02 1.964716670000e+00 3.992475200000e-02
6.642062220000e-02 1.965358730000e+00 4.004118960000e-02
6.658282130000e-02 1.966856720000e+00 4.026112710000e-02
6.674503540000e-02 1.967926500000e+00 4.034521800000e-02
6.690724940000e-02 1.969424490000e+00 4.055868460000e-02
6.715057050000e-02 1.970066550000e+00 4.056515170000e-02
6.739389150000e-02 1.971350430000e+00 4.076568410000e-02
6.755610560000e-02 1.972420450000e+00 4.089505600000e-02
6.771831960000e-02 1.973918440000e+00 4.099855200000e-02
6.796164070000e-02 1.974774360000e+00 4.118614640000e-02
6.820496170000e-02 1.976058240000e+00 4.143195970000e-02
6.836716090000e-02 1.976914170000e+00 4.157426580000e-02
6.861048190000e-02 1.978198290000e+00 4.160661250000e-02
6.877269600000e-02 1.978840110000e+00 4.172951730000e-02
6.893491000000e-02 1.980124240000e+00 4.183948790000e-02
6.917823110000e-02 1.981408120000e+00 4.204001650000e-02
6.934044510000e-02 1.982264040000e+00 4.213704540000e-02
6.958376620000e-02 1.983762030000e+00 4.217585920000e-02
6.974598020000e-02 1.984404090000e+00 4.246694970000e-02
6.998930130000e-02 1.985901830000e+00 4.275804010000e-02
7.015150040000e-02 1.986757990000e+00 4.271922630000e-02
7.039482150000e-02 1.988041880000e+00 4.284860190000e-02
7.055703550000e-02 1.988897800000e+00 4.293269290000e-02
7.080035660000e-02 1.990395780000e+00 4.302972180000e-02
7.096257060000e-02 1.991251710000e+00 4.327553510000e-02
7.120589170000e-02 1.992749690000e+00 4.348253090000e-02
7.128699870000e-02 1.993391510000e+00 4.354075340000e-02
7.161142680000e-02 1.994675640000e+00 4.367012160000e-02
7.177364080000e-02 1.995745420000e+00 4.371540620000e-02
7.201694700000e-02 1.997243400000e+00 4.396121200000e-02
7.209805400000e-02 1.998099330000e+00 4.414880650000e-02
7.250358910000e-02 1.999169350000e+00 4.424583540000e-02
7.258469610000e-02 2.000025270000e+00 4.421349610000e-02
7.274691020000e-02 2.001095290000e+00 4.456280540000e-02
7.299023120000e-02 2.002379180000e+00 4.469217730000e-02
7.323355230000e-02 2.003235340000e+00 4.476980120000e-02
7.339576630000e-02 2.004733090000e+00 4.498973490000e-02
7.355798040000e-02 2.005589250000e+00 4.504795750000e-02
7.372017950000e-02 2.006659030000e+00 4.526142400000e-02
7.388239350000e-02 2.007515190000e+00 4.535198580000e-02
7.420682160000e-02 2.009012940000e+00 4.551369700000e-02
7.436903570000e-02 2.009655000000e+00 4.553310570000e-02
7.461235670000e-02 2.011152980000e+00 4.572070020000e-02
7.485567780000e-02 2.012008910000e+00 4.591475800000e-02
7.501789180000e-02 2.013078930000e+00 4.597944770000e-02
7.518010590000e-02 2.014148710000e+00 4.611529040000e-02
7.542342690000e-02 2.015646700000e+00 4.634815830000e-02
7.558562610000e-02 2.016288760000e+00 4.641284790000e-02
7.582894710000e-02 2.017358780000e+00 4.652281850000e-02
7.591005410000e-02 2.018214700000e+00 4.668452960000e-02
7.631558920000e-02 2.019712690000e+00 4.681390900000e-02
7.639669630000e-02 2.020782470000e+00 4.710499940000e-02
7.655891030000e-02 2.021424530000e+00 4.703384270000e-02
7.680223140000e-02 2.022708420000e+00 4.710499940000e-02
7.696444540000e-02 2.023564340000e+00 4.727318510000e-02
7.720776650000e-02 2.025062320000e+00 4.760955650000e-02
7.736996560000e-02 2.025918250000e+00 4.736374690000e-02
7.761328670000e-02 2.027202370000e+00 4.753193260000e-02
7.777550070000e-02 2.028272150000e+00 4.773893210000e-02
7.801882180000e-02 2.029128310000e+00 4.806236550000e-02
7.818103580000e-02 2.030198100000e+00 4.812058060000e-02
7.842435690000e-02 2.031482220000e+00 4.820467530000e-02
7.858657090000e-02 2.032124040000e+00 4.834698510000e-02
7.891099900000e-02 2.033622030000e+00 4.852163790000e-02
7.899210600000e-02 2.034477950000e+00 4.856691880000e-02
7.923541220000e-02 2.035547970000e+00 4.876745490000e-02
7.939762620000e-02 2.036617990000e+00 4.887095090000e-02

