#  J [A] 	 V 	 L [w] 
7.995963100000e-05 7.212162020000e-06 -1.484969040000e-09
1.610219480000e-04 7.212162020000e-06 -1.484969040000e-09
1.610219480000e-04 7.212162020000e-06 -1.614050450000e-09
7.995963100000e-05 7.212162020000e-06 -1.484969040000e-09
7.995963100000e-05 -2.067387100000e-04 -1.291277420000e-09
7.995963100000e-05 7.212162020000e-06 -1.355841330000e-09
1.610219480000e-04 -2.067387100000e-04 -1.614050450000e-09
7.995963100000e-05 7.212162020000e-06 -1.162196120000e-09
2.420768140000e-04 5.567045210000e-01 -1.355841330000e-09
3.231391310000e-04 1.412289740000e+00 2.786256910000e-07
3.231391310000e-04 1.417210580000e+00 3.151646690000e-07
3.231391310000e-04 1.441172960000e+00 5.595755400000e-07
4.852563140000e-04 1.459144710000e+00 8.259356150000e-07
5.663111810000e-04 1.473693370000e+00 1.095071640000e-06
6.473734970000e-04 1.486958270000e+00 1.397454300000e-06
6.473734970000e-04 1.498939390000e+00 1.705130440000e-06
8.094906810000e-04 1.509422900000e+00 2.035014400000e-06
8.094906810000e-04 1.518408780000e+00 2.349791660000e-06
8.905455470000e-04 1.528678420000e+00 2.739777300000e-06
1.052662730000e-03 1.537878270000e+00 2.739777300000e-06
1.052662730000e-03 1.546864150000e+00 3.631753540000e-06
1.133725050000e-03 1.554566380000e+00 4.103991610000e-06
1.295842230000e-03 1.562482480000e+00 4.699647890000e-06
1.376904550000e-03 1.570184710000e+00 5.381697970000e-06
1.376904550000e-03 1.577458980000e+00 6.258619120000e-06
1.457959410000e-03 1.584519270000e+00 7.383675440000e-06
1.620076600000e-03 1.591365690000e+00 9.567535020000e-06
1.620076600000e-03 1.597142340000e+00 2.211984790000e-05
1.782193780000e-03 1.602705000000e+00 2.211984790000e-05
1.782193780000e-03 1.608053800000e+00 6.708296130000e-05
1.944310960000e-03 1.613402490000e+00 9.295753990000e-05
1.944310960000e-03 1.618323330000e+00 1.190659310000e-04
2.106428150000e-03 1.623030300000e+00 1.459276830000e-04
2.106428150000e-03 1.628165010000e+00 1.706916810000e-04
2.187490460000e-03 1.633085970000e+00 1.982159160000e-04
2.349607650000e-03 1.638006810000e+00 2.240450270000e-04
2.349607650000e-03 1.643355490000e+00 2.500884880000e-04
2.430662510000e-03 1.648062350000e+00 2.752746510000e-04
2.511724830000e-03 1.652983190000e+00 2.752746510000e-04
2.592779700000e-03 1.657690170000e+00 3.293663900000e-04
2.754896880000e-03 1.662183050000e+00 3.548224630000e-04
2.835959200000e-03 1.666676040000e+00 3.800833070000e-04
2.835959200000e-03 1.671810870000e+00 4.070367720000e-04
2.917014060000e-03 1.676517720000e+00 4.342506870000e-04
3.079131250000e-03 1.681010600000e+00 4.611391050000e-04
3.079131250000e-03 1.685289620000e+00 4.860091430000e-04
3.160193560000e-03 1.689782620000e+00 5.121162980000e-04
3.241255880000e-03 1.694275500000e+00 5.377677150000e-04
3.322310750000e-03 1.698982480000e+00 5.629633670000e-04
3.403373060000e-03 1.702833530000e+00 5.872475450000e-04
3.565490250000e-03 1.707540390000e+00 6.147219100000e-04
3.565490250000e-03 1.712247370000e+00 6.430426150000e-04
3.646545110000e-03 1.716526270000e+00 6.707773430000e-04
3.808662300000e-03 1.720805410000e+00 6.959079760000e-04
3.808662300000e-03 1.725298170000e+00 7.229916520000e-04
3.970779480000e-03 1.729577300000e+00 7.482523800000e-04
3.970779480000e-03 1.733856200000e+00 7.733178790000e-04
4.051841800000e-03 1.737921240000e+00 7.979274960000e-04
4.213958980000e-03 1.742200370000e+00 8.240998720000e-04
4.295013840000e-03 1.746479270000e+00 8.487094310000e-04
4.376076160000e-03 1.750758170000e+00 8.727983220000e-04
4.457131030000e-03 1.754609350000e+00 8.943481370000e-04
4.538193350000e-03 1.758888480000e+00 9.178510520000e-04
4.619248210000e-03 1.762739420000e+00 9.416794060000e-04
4.619248210000e-03 1.767232420000e+00 9.664194660000e-04
4.700310530000e-03 1.771083590000e+00 9.895968250000e-04
4.862427710000e-03 1.775576350000e+00 1.015443590000e-03
4.862427710000e-03 1.779427530000e+00 1.040574050000e-03
5.024544890000e-03 1.783706670000e+00 1.066420690000e-03
5.105599760000e-03 1.787343740000e+00 1.091030540000e-03
5.186662080000e-03 1.791408780000e+00 1.116616880000e-03
5.186662080000e-03 1.795473810000e+00 1.141486920000e-03
5.348779260000e-03 1.798897030000e+00 1.166487230000e-03
5.429841580000e-03 1.802962060000e+00 1.189274130000e-03
5.510896440000e-03 1.806813240000e+00 1.214990630000e-03
5.591958760000e-03 1.810878280000e+00 1.238754020000e-03
5.591958760000e-03 1.814943310000e+00 1.261280270000e-03
5.754075940000e-03 1.817938570000e+00 1.282048760000e-03
5.835130810000e-03 1.822431560000e+00 1.306528230000e-03
5.916193130000e-03 1.826068640000e+00 1.328664020000e-03
5.916193130000e-03 1.830133680000e+00 1.354575740000e-03
6.078310310000e-03 1.833556890000e+00 1.378143900000e-03
6.078310310000e-03 1.837193970000e+00 1.406855300000e-03
6.321482360000e-03 1.841259000000e+00 1.432506720000e-03
6.240427490000e-03 1.845752000000e+00 1.457246490000e-03
6.483599540000e-03 1.847677470000e+00 1.480098460000e-03
6.402544680000e-03 1.851528640000e+00 1.503471170000e-03
6.483599540000e-03 1.856663470000e+00 1.526388110000e-03
6.645716730000e-03 1.859444860000e+00 1.551583870000e-03
6.726779040000e-03 1.864365580000e+00 1.575802920000e-03
6.888896230000e-03 1.867146970000e+00 1.602365750000e-03
6.807833910000e-03 1.871212010000e+00 1.627170830000e-03
6.888896230000e-03 1.875063180000e+00 1.652171020000e-03
6.969951090000e-03 1.878272290000e+00 1.675088070000e-03
6.969951090000e-03 1.881909610000e+00 1.699176850000e-03
7.132075730000e-03 1.885332580000e+00 1.722224060000e-03
7.213130590000e-03 1.888541940000e+00 1.744815610000e-03
7.375247780000e-03 1.892393110000e+00 1.766821140000e-03
7.375247780000e-03 1.895388360000e+00 1.789477650000e-03
7.456310090000e-03 1.899453400000e+00 1.810571760000e-03
7.618427280000e-03 1.903090480000e+00 1.831079720000e-03
7.618427280000e-03 1.906513690000e+00 1.853866500000e-03
7.780544460000e-03 1.909936900000e+00 1.874309500000e-03
7.780544460000e-03 1.913360120000e+00 1.900612030000e-03
7.942661640000e-03 1.916997190000e+00 1.928672310000e-03
8.023716510000e-03 1.919992450000e+00 1.956211640000e-03
8.023716510000e-03 1.923629760000e+00 1.983035120000e-03
8.104778830000e-03 1.927052970000e+00 2.006147290000e-03
8.185833690000e-03 1.930903910000e+00 2.029259460000e-03
8.266896010000e-03 1.933899400000e+00 2.049181840000e-03
8.347950880000e-03 1.937322620000e+00 2.072684700000e-03
8.510068060000e-03 1.941173550000e+00 2.095601520000e-03
8.591130380000e-03 1.943954940000e+00 2.118779110000e-03
8.591130380000e-03 1.947592020000e+00 2.141500820000e-03
8.753247560000e-03 1.951015230000e+00 2.165329180000e-03
8.753247560000e-03 1.954010490000e+00 2.188571730000e-03
8.834302430000e-03 1.957861660000e+00 2.214223150000e-03
8.915364740000e-03 1.960856910000e+00 2.238051500000e-03
8.996419610000e-03 1.964280130000e+00 2.262140390000e-03
9.077481930000e-03 1.967703340000e+00 2.280500020000e-03
9.158544240000e-03 1.971126560000e+00 2.303742570000e-03
9.239599110000e-03 1.974121810000e+00 2.330891320000e-03
9.401716290000e-03 1.977545020000e+00 2.359016570000e-03
9.401716290000e-03 1.981396200000e+00 2.387337390000e-03
9.482778610000e-03 1.984391450000e+00 2.408756870000e-03
9.644895790000e-03 1.987814660000e+00 2.433887680000e-03
9.725950660000e-03 1.991237880000e+00 2.459148410000e-03
9.807012980000e-03 1.994446990000e+00 2.476921770000e-03
9.807012980000e-03 1.994233130000e+00 2.477052160000e-03
9.807012980000e-03 1.997228380000e+00 2.492221540000e-03
9.888067840000e-03 2.000865700000e+00 2.511557890000e-03
1.005018500000e-02 2.003860950000e+00 2.533498220000e-03
1.005018500000e-02 2.007284160000e+00 2.554917940000e-03
1.013124730000e-02 2.010279420000e+00 2.577379110000e-03
1.029336450000e-02 2.013916490000e+00 2.599514790000e-03
1.029336450000e-02 2.016697880000e+00 2.619046490000e-03
1.037441940000e-02 2.020121100000e+00 2.641181930000e-03
1.053653660000e-02 2.023116350000e+00 2.662146000000e-03
1.061759890000e-02 2.026111600000e+00 2.682263260000e-03
1.069865380000e-02 2.029534820000e+00 2.702055500000e-03
1.077971610000e-02 2.032530070000e+00 2.724646590000e-03
1.077971610000e-02 2.035739420000e+00 2.750949000000e-03
1.094183330000e-02 2.038734670000e+00 2.774582240000e-03
1.102288810000e-02 2.042157890000e+00 2.799126790000e-03
1.102288810000e-02 2.045153140000e+00 2.821653380000e-03
1.118501280000e-02 2.048148390000e+00 2.842682410000e-03
1.126606760000e-02 2.051143880000e+00 2.859414320000e-03
1.134712990000e-02 2.054353000000e+00 2.859414320000e-03
1.134712990000e-02 2.057348250000e+00 2.931619530000e-03
1.142818480000e-02 2.060771470000e+00 2.941359770000e-03
1.159030200000e-02 2.063766720000e+00 2.954995030000e-03
1.167136430000e-02 2.066976070000e+00 2.973175370000e-03
1.175241920000e-02 2.069971320000e+00 2.993952950000e-03
1.175241920000e-02 2.072966580000e+00 3.013432490000e-03
1.191453640000e-02 2.075747970000e+00 3.032262440000e-03
1.191453640000e-02 2.078957320000e+00 3.055637000000e-03
1.199559870000e-02 2.082166430000e+00 3.076414580000e-03
1.215771590000e-02 2.085375790000e+00 3.098491110000e-03
1.215771590000e-02 2.087943080000e+00 3.117970660000e-03
1.223877070000e-02 2.091152430000e+00 3.142643950000e-03
1.240088790000e-02 2.094147680000e+00 3.162772860000e-03
1.248195020000e-02 2.097142930000e+00 3.188095750000e-03
1.248195020000e-02 2.099924330000e+00 3.199783620000e-03
1.264406740000e-02 2.102919580000e+00 3.218612870000e-03
1.264406740000e-02 2.105914830000e+00 3.238092180000e-03
1.272512230000e-02 2.108910320000e+00 3.258221080000e-03
1.288723950000e-02 2.111691470000e+00 3.277050330000e-03
1.288723950000e-02 2.114900830000e+00 3.296529870000e-03
1.296830180000e-02 2.117468120000e+00 3.317307450000e-03
1.304936410000e-02 2.120677470000e+00 3.336786760000e-03
1.321148130000e-02 2.123244760000e+00 3.354967340000e-03
1.329253610000e-02 2.126454110000e+00 3.375095550000e-03
1.329253610000e-02 2.129449370000e+00 3.399769780000e-03
1.337359850000e-02 2.132444620000e+00 3.419248390000e-03
1.353571560000e-02 2.135226010000e+00 3.436130940000e-03
1.353571560000e-02 2.137793540000e+00 3.454311520000e-03
1.361677050000e-02 2.141002660000e+00 3.472492100000e-03
1.377888770000e-02 2.143997910000e+00 3.492620310000e-03
1.377888770000e-02 2.146565440000e+00 3.514696610000e-03
1.385995000000e-02 2.149560690000e+00 3.539370140000e-03
1.402206720000e-02 2.152983900000e+00 3.558200090000e-03
1.402206720000e-02 2.155979160000e+00 3.582224950000e-03
1.410312210000e-02 2.158546690000e+00 3.601703560000e-03
1.426523920000e-02 2.161541940000e+00 3.625079060000e-03
1.426523920000e-02 2.164323330000e+00 3.639363680000e-03
1.434630160000e-02 2.167318580000e+00 3.663387620000e-03
1.450841870000e-02 2.169885870000e+00 3.679620570000e-03
1.458947360000e-02 2.173095230000e+00 3.701047740000e-03
1.458947360000e-02 2.175876620000e+00 3.717929360000e-03
1.475159080000e-02 2.178657770000e+00 3.735460570000e-03
1.483265310000e-02 2.181225300000e+00 3.757536880000e-03
1.491370800000e-02 2.184006690000e+00 3.783509370000e-03
1.499477030000e-02 2.187001940000e+00 3.801040350000e-03
1.507583260000e-02 2.189569230000e+00 3.819220930000e-03
1.507583260000e-02 2.192350630000e+00 3.831558160000e-03
1.515688750000e-02 2.195345880000e+00 3.853634470000e-03
1.523794980000e-02 2.198341130000e+00 3.873762670000e-03
1.531900470000e-02 2.200908660000e+00 3.887398630000e-03
1.548112180000e-02 2.203903910000e+00 3.902332860000e-03
1.548112180000e-02 2.206257340000e+00 3.913370890000e-03
1.564323900000e-02 2.209038730000e+00 3.937395290000e-03
1.564323900000e-02 2.211820130000e+00 3.953628240000e-03
1.572430130000e-02 2.214601520000e+00 3.973106850000e-03
1.588641850000e-02 2.217596770000e+00 3.991936800000e-03
1.596747340000e-02 2.220378160000e+00 4.006221420000e-03
1.596747340000e-02 2.222945450000e+00 4.021805250000e-03
1.604853570000e-02 2.225512740000e+00 4.036739000000e-03
1.612959060000e-02 2.228294130000e+00 4.058165940000e-03
1.621065290000e-02 2.230861660000e+00 4.079593350000e-03
1.629170780000e-02 2.233643050000e+00 4.099721090000e-03
1.645382490000e-02 2.236210350000e+00 4.112707920000e-03
1.653488730000e-02 2.238777640000e+00 4.126992540000e-03
1.653488730000e-02 2.241559030000e+00 4.139978440000e-03
1.661594210000e-02 2.244554280000e+00 4.160107110000e-03
1.669700440000e-02 2.247121810000e+00 4.175041340000e-03
1.677805930000e-02 2.249903200000e+00 4.192572550000e-03
1.685912160000e-02 2.252684590000e+00 4.210103770000e-03
1.694017650000e-02 2.255038020000e+00 4.227634520000e-03
1.702123880000e-02 2.257605310000e+00 4.241919610000e-03
1.718335600000e-02 2.260600570000e+00 4.260099960000e-03
1.718335600000e-02 2.263168100000e+00 4.276332910000e-03
1.726441830000e-02 2.265735390000e+00 4.296461120000e-03
1.742653550000e-02 2.268302920000e+00 4.311395340000e-03
1.750759040000e-02 2.271084070000e+00 4.330225290000e-03
1.750759040000e-02 2.273865460000e+00 4.345159510000e-03
1.758865270000e-02 2.276432990000e+00 4.362690260000e-03
1.766970750000e-02 2.278572320000e+00 4.375677090000e-03
1.775076990000e-02 2.281567810000e+00 4.393857440000e-03
1.783182470000e-02 2.284135100000e+00 4.408791660000e-03
1.791288700000e-02 2.286916490000e+00 4.420478830000e-03
1.807500420000e-02 2.289269920000e+00 4.430867270000e-03
1.807500420000e-02 2.292051320000e+00 4.456839990000e-03
1.823712140000e-02 2.294618610000e+00 4.473072940000e-03
1.823712140000e-02 2.297186140000e+00 4.487357570000e-03
1.831817630000e-02 2.299967290000e+00 4.502940920000e-03
1.839923860000e-02 2.302320720000e+00 4.521121740000e-03
1.848029350000e-02 2.304888250000e+00 4.533458040000e-03
1.856135580000e-02 2.307241680000e+00 4.549690990000e-03
1.872347300000e-02 2.310236930000e+00 4.566572610000e-03
1.872347300000e-02 2.312590360000e+00 4.579558970000e-03
1.880452780000e-02 2.315157890000e+00 4.593844060000e-03
1.888559010000e-02 2.317725180000e+00 4.609426480000e-03
1.896665250000e-02 2.320292710000e+00 4.612024410000e-03
1.904770730000e-02 2.323287960000e+00 4.628906030000e-03
1.912876960000e-02 2.325641390000e+00 4.641243260000e-03
1.912876960000e-02 2.325427290000e+00 4.639294930000e-03
1.920982450000e-02 2.328422780000e+00 4.654229150000e-03
1.937194170000e-02 2.330776210000e+00 4.669812510000e-03
1.945300400000e-02 2.333557610000e+00 4.679551810000e-03
1.945300400000e-02 2.335696940000e+00 4.693187310000e-03

