#  J [A] 	 V 	 L [w] 
1.610219480000e-04 7.212162020000e-06 -1.880225530000e-09
7.995963100000e-05 7.212162020000e-06 -1.933948330000e-09
1.610219480000e-04 7.212162020000e-06 -1.987671360000e-09
7.995963100000e-05 7.212162020000e-06 -1.987671360000e-09
1.610219480000e-04 7.212162020000e-06 -2.041355750000e-09
1.610219480000e-04 7.212162020000e-06 -2.095078560000e-09
1.610219480000e-04 7.212162020000e-06 -1.880225530000e-09
1.610219480000e-04 7.212162020000e-06 -1.933948330000e-09
1.610219480000e-04 4.313299360000e-01 -2.148801580000e-09
2.420768140000e-04 1.222516300000e+00 1.071381350000e-06
3.231391310000e-04 1.231074210000e+00 1.284851920000e-06
4.041939970000e-04 1.265948060000e+00 1.284851920000e-06
4.852563140000e-04 1.292263870000e+00 3.638656610000e-06
4.852563140000e-04 1.313230990000e+00 4.674257530000e-06
6.473734970000e-04 1.332058550000e+00 5.886602590000e-06
7.284283640000e-04 1.348960640000e+00 7.097326490000e-06
7.284283640000e-04 1.364364980000e+00 8.390745280000e-06
7.284283640000e-04 1.376132250000e+00 9.624170160000e-06
9.716078640000e-04 1.389824990000e+00 1.129107660000e-05
1.052662730000e-03 1.401164290000e+00 1.332444300000e-05
1.133725050000e-03 1.412717580000e+00 1.723064820000e-05
1.214787360000e-03 1.421703580000e+00 1.723064820000e-05
1.295842230000e-03 1.429833650000e+00 7.521438970000e-05
1.376904550000e-03 1.437321900000e+00 1.079849100000e-04
1.376904550000e-03 1.445237990000e+00 1.413768910000e-04
1.457959410000e-03 1.452298400000e+00 1.743743920000e-04
1.620076600000e-03 1.459144710000e+00 2.097767140000e-04
1.701138910000e-03 1.465991140000e+00 2.097767140000e-04
1.701138910000e-03 1.472623590000e+00 2.812132590000e-04
1.863256100000e-03 1.478614210000e+00 3.136089070000e-04
1.944310960000e-03 1.484818700000e+00 3.488215150000e-04
1.944310960000e-03 1.490809320000e+00 3.815963280000e-04
2.106428150000e-03 1.497227790000e+00 4.168089360000e-04
2.187490460000e-03 1.502790450000e+00 4.484461100000e-04
2.187490460000e-03 1.508567090000e+00 4.840379120000e-04
2.268545330000e-03 1.514343740000e+00 5.176253620000e-04
2.430662510000e-03 1.519906520000e+00 5.515377850000e-04
2.511724830000e-03 1.525041220000e+00 5.841500820000e-04
2.592779700000e-03 1.530604000000e+00 6.182792710000e-04
2.673842010000e-03 1.535310860000e+00 6.510540840000e-04
2.754896880000e-03 1.541087510000e+00 6.840997380000e-04
2.754896880000e-03 1.545794370000e+00 7.151951430000e-04
2.917014060000e-03 1.551143170000e+00 7.481866630000e-04
2.917014060000e-03 1.555850030000e+00 7.815031570000e-04
2.998076380000e-03 1.560556890000e+00 8.146573670000e-04
3.160193560000e-03 1.565477730000e+00 8.452109760000e-04
3.241255880000e-03 1.570398570000e+00 8.784192610000e-04
3.322310750000e-03 1.575105550000e+00 9.106522190000e-04
3.403373060000e-03 1.579812410000e+00 9.429937930000e-04
3.484427930000e-03 1.584091420000e+00 9.742516560000e-04
3.484427930000e-03 1.589012270000e+00 1.008651800000e-03
3.646545110000e-03 1.593719120000e+00 1.042022370000e-03
3.646545110000e-03 1.598212120000e+00 1.075068140000e-03
3.727607430000e-03 1.602705000000e+00 1.106922050000e-03
3.889724610000e-03 1.607411980000e+00 1.140563520000e-03
3.889724610000e-03 1.611690880000e+00 1.172850840000e-03
4.051841800000e-03 1.616397860000e+00 1.205138160000e-03
4.132896660000e-03 1.620034930000e+00 1.235312670000e-03
4.213958980000e-03 1.625169750000e+00 1.268629220000e-03
4.295013840000e-03 1.629020810000e+00 1.300808040000e-03
4.295013840000e-03 1.633513810000e+00 1.333582910000e-03
4.457131030000e-03 1.637364860000e+00 1.363757300000e-03
4.538193350000e-03 1.641429900000e+00 1.397073970000e-03
4.619248210000e-03 1.645708920000e+00 1.428494460000e-03
4.700310530000e-03 1.649987940000e+00 1.460565020000e-03
4.781365390000e-03 1.653838990000e+00 1.490360240000e-03
4.781365390000e-03 1.657690170000e+00 1.523947690000e-03
4.862427710000e-03 1.662183050000e+00 1.556614180000e-03
4.943482580000e-03 1.666034220000e+00 1.589334690000e-03
5.105599760000e-03 1.670099260000e+00 1.620592780000e-03
5.186662080000e-03 1.673950310000e+00 1.654721910000e-03
5.186662080000e-03 1.677801370000e+00 1.686088160000e-03
5.267724390000e-03 1.681438570000e+00 1.717833800000e-03
5.348779260000e-03 1.685075760000e+00 1.747520640000e-03
5.510896440000e-03 1.689140800000e+00 1.780458140000e-03
5.591958760000e-03 1.692777870000e+00 1.811553490000e-03
5.591958760000e-03 1.696842910000e+00 1.842594710000e-03
5.754075940000e-03 1.700480100000e+00 1.873256760000e-03
5.835130810000e-03 1.704117180000e+00 1.906248390000e-03
5.916193130000e-03 1.707968350000e+00 1.936801940000e-03
5.997247990000e-03 1.711605430000e+00 1.968547470000e-03
5.997247990000e-03 1.714600800000e+00 1.997096930000e-03
6.078310310000e-03 1.718665840000e+00 2.030846900000e-03
6.159365180000e-03 1.722517010000e+00 2.062592190000e-03
6.240427490000e-03 1.725940230000e+00 2.093904420000e-03
6.321482360000e-03 1.729577300000e+00 2.123916290000e-03
6.483599540000e-03 1.733642340000e+00 2.155662050000e-03
6.483599540000e-03 1.737065550000e+00 2.186540750000e-03
6.564661860000e-03 1.740702630000e+00 2.217094410000e-03
6.726779040000e-03 1.744125840000e+00 2.245264590000e-03
6.807833910000e-03 1.747762920000e+00 2.277605930000e-03
6.888896230000e-03 1.751186130000e+00 2.307834800000e-03
6.888896230000e-03 1.754823450000e+00 2.339255060000e-03
7.051013410000e-03 1.758032560000e+00 2.370242260000e-03
7.132075730000e-03 1.761669640000e+00 2.370242260000e-03
7.132075730000e-03 1.765092850000e+00 2.457740020000e-03
7.213130590000e-03 1.768302200000e+00 2.479891760000e-03
7.294192910000e-03 1.771725420000e+00 2.505824900000e-03
7.375247780000e-03 1.774934530000e+00 2.536621180000e-03
7.456310090000e-03 1.778999570000e+00 2.567417220000e-03
7.537364960000e-03 1.781995060000e+00 2.597132700000e-03
7.618427280000e-03 1.785204170000e+00 2.625767840000e-03
7.699482140000e-03 1.788627390000e+00 2.660345290000e-03
7.780544460000e-03 1.792264460000e+00 2.687359460000e-03
7.861599330000e-03 1.795687680000e+00 2.717615110000e-03
7.942661640000e-03 1.798897030000e+00 2.746790650000e-03
8.023716510000e-03 1.802106140000e+00 2.778126630000e-03
8.104778830000e-03 1.804673670000e+00 2.808922670000e-03
8.185833690000e-03 1.808310750000e+00 2.836477010000e-03
8.347950880000e-03 1.811520100000e+00 2.866192490000e-03
8.510068060000e-03 1.815371040000e+00 2.894827630000e-03
8.429013190000e-03 1.818580390000e+00 2.922381970000e-03
8.510068060000e-03 1.821789500000e+00 2.953178020000e-03
8.753247560000e-03 1.824570890000e+00 2.979651790000e-03
8.672185240000e-03 1.827352290000e+00 3.012068340000e-03
8.753247560000e-03 1.830775500000e+00 3.043945180000e-03
8.915364740000e-03 1.834626670000e+00 3.072039460000e-03
8.915364740000e-03 1.836124180000e+00 3.099053400000e-03
9.077481930000e-03 1.841045140000e+00 3.129849680000e-03
9.239599110000e-03 1.843398570000e+00 3.156863620000e-03
9.239599110000e-03 1.847249750000e+00 3.183877560000e-03
9.320661430000e-03 1.849817040000e+00 3.213053100000e-03
9.320661430000e-03 1.853026390000e+00 3.242768580000e-03
9.482778610000e-03 1.856449370000e+00 3.275185120000e-03
9.563833480000e-03 1.859444860000e+00 3.305440770000e-03
9.563833480000e-03 1.863081930000e+00 3.333535740000e-03
9.563833480000e-03 1.865863320000e+00 3.364331790000e-03
9.725950660000e-03 1.869500400000e+00 3.395668230000e-03
9.725950660000e-03 1.869286540000e+00 3.394587430000e-03
9.807012980000e-03 1.871639970000e+00 3.424302910000e-03
9.807012980000e-03 1.874635220000e+00 3.452938050000e-03
9.969130160000e-03 1.876988650000e+00 3.480492390000e-03
1.013124730000e-02 1.881267550000e+00 3.506425540000e-03
1.029336450000e-02 1.884263040000e+00 3.536681410000e-03
1.029336450000e-02 1.886616470000e+00 3.564776150000e-03
1.037441940000e-02 1.889183760000e+00 3.593410600000e-03
1.045548170000e-02 1.892393110000e+00 3.618804040000e-03
1.053653660000e-02 1.895602230000e+00 3.647979120000e-03
1.061759890000e-02 1.898811580000e+00 3.673912960000e-03
1.061759890000e-02 1.901592970000e+00 3.702547400000e-03
1.069865380000e-02 1.904588220000e+00 3.729561340000e-03
1.086077090000e-02 1.907583480000e+00 3.758196720000e-03
1.094183330000e-02 1.910150770000e+00 3.785751060000e-03
1.094183330000e-02 1.913146260000e+00 3.813305400000e-03
1.102288810000e-02 1.915927410000e+00 3.839238550000e-03
1.110395040000e-02 1.918922900000e+00 3.866793120000e-03
1.118501280000e-02 1.921490190000e+00 3.891105760000e-03
1.134712990000e-02 1.924485450000e+00 3.921361640000e-03
1.134712990000e-02 1.927266840000e+00 3.949456380000e-03
1.142818480000e-02 1.930476190000e+00 3.979171630000e-03
1.150924710000e-02 1.932829620000e+00 4.007266370000e-03
1.167136430000e-02 1.936252830000e+00 4.039682910000e-03
1.175241920000e-02 1.938820120000e+00 4.067777660000e-03
1.175241920000e-02 1.941815380000e+00 4.100194670000e-03
1.191453640000e-02 1.944382910000e+00 4.128289410000e-03
1.199559870000e-02 1.947378160000e+00 4.160165320000e-03
1.199559870000e-02 1.950587270000e+00 4.190421200000e-03
1.215771590000e-02 1.953154800000e+00 4.218515940000e-03
1.223877070000e-02 1.955722090000e+00 4.244449080000e-03
1.231983300000e-02 1.958717580000e+00 4.271463030000e-03
1.240088790000e-02 1.961284880000e+00 4.297397100000e-03
1.240088790000e-02 1.964280130000e+00 4.323330240000e-03
1.248195020000e-02 1.966847660000e+00 4.350344180000e-03
1.256300510000e-02 1.969628810000e+00 4.378438930000e-03
1.272512230000e-02 1.972624300000e+00 4.405993500000e-03
1.280618460000e-02 1.975191590000e+00 4.433007450000e-03
1.288723950000e-02 1.977972980000e+00 4.457860720000e-03
1.288723950000e-02 1.980754380000e+00 4.485414830000e-03
1.296830180000e-02 1.983535770000e+00 4.508106500000e-03
1.304936410000e-02 1.986316920000e+00 4.534580740000e-03
1.313041900000e-02 1.988884450000e+00 4.559433090000e-03
1.321148130000e-02 1.991451740000e+00 4.582665390000e-03
1.329253610000e-02 1.994233130000e+00 4.610759670000e-03
1.345465330000e-02 1.996800420000e+00 4.636693750000e-03
1.345465330000e-02 1.999367950000e+00 4.661006390000e-03
1.353571560000e-02 2.002363200000e+00 4.685319030000e-03
1.369783280000e-02 2.004930730000e+00 4.710711540000e-03
1.377888770000e-02 2.007284160000e+00 4.739346910000e-03
1.385995000000e-02 2.010065320000e+00 4.764199720000e-03
1.394100490000e-02 2.012846710000e+00 4.788512360000e-03
1.402206720000e-02 2.015414240000e+00 4.814445970000e-03
1.402206720000e-02 2.018409490000e+00 4.838217980000e-03
1.418418440000e-02 2.020762920000e+00 4.861990920000e-03
1.418418440000e-02 2.023544310000e+00 4.884682600000e-03
1.426523920000e-02 2.026111600000e+00 4.910615740000e-03
1.434630160000e-02 2.028892990000e+00 4.931146740000e-03
1.450841870000e-02 2.031460290000e+00 4.952758080000e-03
1.450841870000e-02 2.034027810000e+00 4.975989930000e-03
1.467053590000e-02 2.036809210000e+00 4.997601270000e-03
1.475159080000e-02 2.039376500000e+00 5.019752310000e-03
1.475159080000e-02 2.041944030000e+00 5.042444450000e-03
1.491370800000e-02 2.044725180000e+00 5.068377590000e-03
1.491370800000e-02 2.047078850000e+00 5.093230870000e-03
1.499477030000e-02 2.049646140000e+00 5.114301570000e-03
1.507583260000e-02 2.051999570000e+00 5.135912910000e-03
1.523794980000e-02 2.054780960000e+00 5.160766190000e-03
1.523794980000e-02 2.057134390000e+00 5.182377530000e-03
1.531900470000e-02 2.059701680000e+00 5.206690170000e-03
1.540006700000e-02 2.062483070000e+00 5.228841210000e-03
1.556218420000e-02 2.065050600000e+00 5.252073520000e-03
1.556218420000e-02 2.067617890000e+00 5.273144690000e-03
1.572430130000e-02 2.069971320000e+00 5.294756030000e-03
1.572430130000e-02 2.072538850000e+00 5.314745940000e-03
1.580535620000e-02 2.075106140000e+00 5.336897910000e-03
1.596747340000e-02 2.077673440000e+00 5.356887820000e-03
1.604853570000e-02 2.080240960000e+00 5.380659830000e-03
1.612959060000e-02 2.082808260000e+00 5.400110500000e-03
1.621065290000e-02 2.085161690000e+00 5.420100880000e-03
1.621065290000e-02 2.087729220000e+00 5.437389950000e-03
1.629170780000e-02 2.090510610000e+00 5.459540990000e-03
1.645382490000e-02 2.092436080000e+00 5.477370230000e-03
1.645382490000e-02 2.095003600000e+00 5.500603470000e-03
1.653488730000e-02 2.097357030000e+00 5.523294680000e-03
1.661594210000e-02 2.099924330000e+00 5.548688120000e-03
1.677805930000e-02 2.102277760000e+00 5.573541390000e-03
1.677805930000e-02 2.104845290000e+00 5.602175840000e-03
1.685912160000e-02 2.107412580000e+00 5.625948310000e-03
1.702123880000e-02 2.109979870000e+00 5.647558720000e-03
1.710230110000e-02 2.112119440000e+00 5.669170520000e-03
1.710230110000e-02 2.114686970000e+00 5.691862200000e-03
1.718335600000e-02 2.116826300000e+00 5.711853040000e-03
1.734547320000e-02 2.119607690000e+00 5.734544710000e-03
1.734547320000e-02 2.121747260000e+00 5.754535090000e-03
1.750759040000e-02 2.124314550000e+00 5.774524990000e-03
1.750759040000e-02 2.126667980000e+00 5.796676970000e-03
1.758865270000e-02 2.129021410000e+00 5.816666410000e-03
1.766970750000e-02 2.131374840000e+00 5.833416250000e-03
1.775076990000e-02 2.134156230000e+00 5.855027120000e-03
1.783182470000e-02 2.136509660000e+00 5.875558130000e-03
1.799394190000e-02 2.138863090000e+00 5.898789970000e-03
1.807500420000e-02 2.140788790000e+00 5.921481640000e-03
1.807500420000e-02 2.143356080000e+00 5.947415250000e-03
1.815605910000e-02 2.145923610000e+00 5.971727890000e-03
1.831817630000e-02 2.148062940000e+00 5.997661970000e-03
1.831817630000e-02 2.150416370000e+00 6.018191580000e-03
1.839923860000e-02 2.152983900000e+00 6.040883250000e-03
1.848029350000e-02 2.155337330000e+00 6.060874090000e-03
1.864241060000e-02 2.157262800000e+00 6.080324300000e-03
1.872347300000e-02 2.159830330000e+00 6.097072740000e-03
1.872347300000e-02 2.162183760000e+00 6.117063570000e-03
1.880452780000e-02 2.164751050000e+00 6.134892810000e-03
1.888559010000e-02 2.166890620000e+00 6.153802850000e-03
1.904770730000e-02 2.169244050000e+00 6.171632090000e-03
1.904770730000e-02 2.171811340000e+00 6.190542130000e-03
1.912876960000e-02 2.174165010000e+00 6.204049100000e-03
1.920982450000e-02 2.173950910000e+00 6.205669140000e-03
1.920982450000e-02 2.176732300000e+00 6.224039010000e-03
1.929088680000e-02 2.178871870000e+00 6.238626780000e-03
1.937194170000e-02 2.181439160000e+00 6.258617620000e-03
1.953405890000e-02 2.183578730000e+00 6.275906690000e-03

